-608,-731,-858,-981,-1085,-1138,-1135,-1112,-1103,-1096,-1090,-1084,-1079,-1075,-1071,-1068,-1064,-1060,-1057,-1053,-1050,-1047,-1044,-1038,-1029,-994,-923,-838,-752,-676,-618,-573,-553,-541,-532,-550,-605,-685,-769,-839,-898,-960,-1032,-1109,-1183,-1249,-1302,-1321,-1322,-1312,-1285,-1227,-1153,-1065,-975,-888,-805,-728,-663,-609,-578,-555,-537,-522,-511,-501,-490,-478,-463,-447,-430,-417,-408,-399,-388,-378,-366,-352,-338,-325,-308,-289,-271,-255,-242,-229,-217,-205,-192,-180,-167,-153,-135,-117,-93,-66,-47,-33,-20,-14,-9,-5,-2,0,0,-1,-4,-8,-13,-20,-27,-38,-49,-60,-71,-84,-97,-107,-114,-118,-121,-124,-126,-128,-128,-126,-121,-115,-109,-104,-99,-93,-88,-82,-77,-73,-68,-63,-56,-45,-25,-8,14,42,71,101,120,131,138,142,144,145,147,149,150,150,149,144,136,128,119,106,97,92,88,86,83,81,80,78,78,78,77,77,79,81,86,90,96,102,109,118,137,153,166,180,194,206,216,228,243,257,266,271,276,280,284,288,293,301,331,401,491,586,670,738,796,820,839,836,788,704,599,489,389,301,216,128,39,-47,-125,-190,-249,-275,-290,-300,-289,-258,-213,-160,-104,-48,2,51,82,99,108,115,119,121,119,114,108,100,92,79,65,49,35,22,11,3,-2,-6,-9,-12,-15,-17,-18,-20,-22,-23,-23,-24,-24,-24,-23,-22,-20,-17,-15,-12,-8,-5,-1,1,4,7,11,15,19,23,26,27,26,24,20,14,8,0,-9,-25,-40,-56,-63,-68,-73,-77,-80,-83,-85,-87,-88,-88,-88,-87,-85,-84,-82,-80,-79,-77,-76,-75,-74,-72,-70,-66,-62,-60,-62,-68,-77,-89,-103,-93,-62,5,88,167,231,284,312,335,349,337,301,224,126,26,-59,-135,-209,-288,-374,-457,-528,-578,-597,-598,-586,-552,-493,-422,-343,-260,-179,-106,-42,13,47,68,80,88,94,99,102,104,106,107,108,110,112,113,115,118,120,123,126,129,134,139,150,171,190,206,218,228,236,243,247,251,253,255,257,259,260,260,258,256,252,248,243,237,229,216,203,191,179,167,155,143,129,112,93,78,65,58,56,55,53,51,50,52,60,68,73,77,80,84,87,90,92,93,93,93,91,89,85,80,75,69,61,44,30,12,-12,-31,-43,-42,-23,24,107,198,278,345,401,446,463,463,445,394,301,197,101,17,-65,-156,-250,-338,-413,-468,-488,-490,-482,-461,-412,-344,-262,-179,-106,-39,24,81,131,152,160,165,169,170,168,162,153,141,124,108,96,85,75,63,51,46,43,40,37,35,34,33,32,32,32,31,31,31,31,32,32,32,32,32,32,32,32,31,30,29,27,25,21,16,3,-8,-22,-37,-56,-75,-91,-102,-112,-120,-128,-137,-145,-154,-164,-175,-182,-189,-195,-200,-204,-206,-207,-208,-208,-208,-208,-208,-208,-208,-209,-209,-210,-212,-213,-214,-215,-217,-219,-222,-225,-231,-243,-242,-226,-181,-98,-5,81,154,214,253,267,254,215,131,29,-67,-148,-225,-310,-410,-516,-618,-704,-769,-817,-835,-835,-818,-776,-696,-600,-492,-378,-270,-179,-120,-102,-98,-96,-95,-95,-95,-96,-100,-105,-109,-112,-116,-121,-126,-128,-128,-125,-119,-111,-103,-94,-81,-68,-59,-50,-38,-23,-7,7,23,43,61,75,89,103,111,118,124,129,132,133,132,130,127,122,116,105,79,55,36,17,0,-13,-26,-38,-52,-68,-83,-98,-114,-134,-154,-174,-195,-213,-228,-240,-249,-254,-257,-260,-262,-264,-265,-266,-266,-266,-265,-263,-261,-258,-255,-251,-248,-246,-243,-241,-240,-238,-237,-236,-236,-236,-237,-238,-240,-242,-245,-248,-250,-253,-255,-258,-260,-261,-262,-263,-264,-264,-265,-265,-266,-266,-265,-263,-263,-261,-260,-259,-258,-256,-255,-254,-253,-253,-253,-253,-252,-252,-252,-252,-252,-252,-251,-251,-250,-250,-249,-249,-248,-247,-245,-244,-242,-241,-239,-237,-232,-226,-219,-213,-207,-201,-195,-189,-183,-177,-171,-165,-160,-154,-147,-135,-117,-100,-82,-65,-46,-28,-13,-2,7,12,16,19,22,25,27,28,29,29,28,26,24,21,17,13,8,1,-13,-44,-66,-81,-81,-60,-3,87,187,280,365,438,482,497,482,436,345,236,135,49,-26,-105,-190,-278,-362,-435,-499,-559,-582,-599,-597,-562,-508,-443,-371,-286,-194,-109,-39,18,53,78,93,106,117,123,128,132,136,140,144,150,156,162,167,172,176,180,183,186,188,190,193,196,199,202,204,207,208,210,211,213,215,217,219,223,228,237,246,253,260,263,266,269,272,274,276,277,278,278,278,278,276,274,272,268,265,260,256,251,245,237,226,217,208,199,190,183,175,169,163,158,153,149,145,141,137,133,130,127,124,122,118,111,100,88,74,64,73,100,166,244,319,383,433,455,471,470,437,364,267,164,70,-13,-104,-213,-337,-465,-580,-669,-722,-742,-741,-716,-647,-534,-407,-285,-173,-82,-28,-12,-2,5,10,14,17,20,22,24,24,23,21,18,15,12,10,8,6,3,1,0,-2,-2,-2,-1,0,3,6,11,16,22,30,44,58,71,82,92,100,104,106,107,108,110,111,112,112,107,101,93,86,78,69,61,53,46,38,30,21,12,4,-1,-5,-9,-12,-15,-17,-17,-16,-14,-11,-7,-2,2,8,18,27,31,35,37,40,42,43,44,43,40,35,29,17,-5,-26,-39,-40,-25,15,90,173,251,318,374,418,433,424,397,320,223,124,37,-45,-133,-231,-337,-440,-531,-606,-661,-673,-675,-664,-608,-536,-453,-358,-258,-164,-83,-19,24,57,70,74,76,78,79,80,80,79,77,74,71,69,65,60,58,60,67,73,76,77,79,81,84,86,88,90,92,94,95,96,97,97,97,97,97,96,95,95,94,93,92,90,89,87,84,81,79,73,58,44,32,22,13,4,0,-3,-6,-8,-10,-12,-14,-16,-18,-20,-22,-25,-27,-30,-33,-36,-40,-44,-47,-49,-52,-56,-65,-80,-94,-105,-113,-118,-103,-61,12,97,178,250,307,343,354,344,314,239,142,41,-49,-132,-221,-324,-438,-553,-657,-741,-803,-838,-850,-837,-798,-728,-638,-533,-426,-325,-241,-178,-133,-98,-78,-71,-71,-78,-82,-87,-90,-92,-91,-88,-84,-82,-80,-79,-78,-77,-75,-72,-69,-67,-64,-61,-57,-52,-47,-43,-39,-35,-32,-28,-25,-21,-17,-14,-11,-5,3,12,19,24,27,28,27,24,20,13,0,-13,-29,-47,-62,-68,-71,-74,-76,-77,-79,-79,-80,-80,-80,-79,-78,-76,-74,-72,-70,-68,-65,-61,-56,-55,-54,-53,-52,-50,-49,-52,-59,-69,-87,-107,-119,-114,-100,-44,31,112,186,249,304,347,361,356,317,244,156,69,-9,-89,-178,-282,-394,-503,-600,-678,-733,-758,-759,-742,-697,-632,-546,-441,-324,-211,-118,-53,-13,1,6,9,12,18,25,29,33,37,40,43,45,47,48,50,52,54,56,58,60,62,64,67,70,74,80,86,92,99,105,113,121,127,132,137,141,144,148,150,153,156,158,159,158,157,154,150,143,129,116,107,100,93,85,77,72,68,65,63,63,63,65,69,74,83,96,114,136,167,206,249,293,340,393,447,497,541,578,609,638,672,717,772,841,918,998,1065,1093,1061,952,769,537,299,93,-60,-158,-212,-241,-261,-284,-310,-327,-331,-333,-335,-336,-337,-337,-337,-336,-336,-335,-334,-333,-332,-331,-329,-328,-328,-327,-327,-328,-330,-333,-337,-341,-345,-349,-353,-357,-360,-363,-365,-367,-369,-370,-372,-373,-374,-375,-374,-373,-371,-369,-365,-360,-350,-332,-315,-300,-278,-258,-235,-208,-181,-157,-134,-118,-100,-83,-66,-51,-41,-34,-28,-22,-17,-13,-8,-3,2,8,13,17,21,24,28,31,35,38,42,47,52,54,55,57,58,59,59,60,61,62,63,64,64,65,65,65,66,66,65,65,65,66,65,65,65,64,63,63,62,62,61,60,59,58,57,56,54,52,46,40,34,29,24,20,17,13,10,6,3,7,13,19,25,29,31,33,34,35,36,37,38,38,39,39,39,39,38,38,36,35,33,31,30,28,27,25,23,21,19,17,15,14,13,12,13,14,16,18,21,24,27,31,38,43,44,41,35,26,10,-17,-50,-85,-99,-95,-55,21,118,220,318,403,468,491,485,433,340,236,143,70,6,-68,-159,-262,-360,-442,-506,-555,-595,-610,-615,-604,-572,-525,-464,-383,-293,-208,-133,-65,-13,20,44,52,57,59,61,62,63,64,65,65,64,62,60,57,54,51,48,45,42,39,36,35,34,33,32,32,31,30,29,28,30,33,37,41,44,48,52,57,61,64,66,69,71,72,73,74,74,73,71,70,68,66,63,59,54,49,43,35,26,17,8,0,-10,-16,-19,-22,-24,-26,-28,-29,-31,-32,-34,-35,-37,-38,-40,-43,-45,-48,-51,-55,-57,-60,-62,-64,-65,-66,-65,-62,-60,-57,-55,-53,-51,-50,-48,-47,-45,-44,-43,-41,-40,-38,-37,-37,-37,-37,-36,-36,-36,-36,-36,-36,-36,-36,-35,-34,-34,-33,-33,-32,-32,-31,-31,-31,-31,-31,-32,-32,-32,-32,-32,-33,-33,-33,-34,-34,-35,-36,-37,-38,-40,-45,-50,-58,-71,-86,-109,-135,-163,-180,-177,-147,-74,22,128,228,317,390,438,443,421,345,241,134,41,-36,-114,-202,-298,-393,-478,-546,-599,-641,-660,-667,-654,-617,-560,-491,-412,-322,-228,-146,-82,-35,0,23,39,48,54,58,59,57,54,50,47,45,43,42,40,39,38,37,36,36,37,38,40,41,44,46,49,51,53,56,58,61,64,67,69,71,72,74,76,78,82,89,96,100,102,105,107,108,108,107,106,103,100,97,93,88,82,77,73,68,62,56,51,46,42,39,35,31,27,23,18,14,11,7,4,2,0,0,-2,-3,-3,-3,-2,-1,0,3,6,8,11,14,17,20,22,23,23,21,18,15,12,11,9,8,6,5,3,2,1,0,0,-1,-2,-2,-2,-3,-3,-4,-4,-5,-6,-6,-6,-6,-6,-6,-7,-7,-7,-7,-8,-8,-9,-10,-11,-13,-20,-30,-44,-60,-87,-119,-153,-173,-171,-140,-67,24,118,206,285,350,389,392,367,296,204,111,33,-36,-113,-204,-308,-412,-508,-589,-651,-685,-696,-687,-659,-611,-556,-490,-410,-319,-229,-151,-92,-48,-18,7,23,39,49,50,50,51,50,44,40,38,36,34,33,32,31,31,30,30,31,32,33,35,38,41,45,53,61,70,78,86,93,100,104,107,109,110,111,112,113,113,114,114,114,113,112,111,109,106,103,100,95,84,74,65,56,48,37,24,11,-1,-11,-17,-23,-29,-33,-37,-40,-42,-44,-47,-49,-51,-53,-55,-57,-59,-61,-62,-62,-61,-58,-55,-52,-50,-48,-45,-43,-40,-38,-36,-34,-32,-30,-29,-29,-28,-28,-27,-27,-27,-26,-26,-25,-24,-23,-22,-22,-22,-22,-22,-22,-22,-22,-22,-22,-22,-22,-22,-22,-22,-23,-23,-24,-26,-27,-28,-29,-30,-31,-31,-32,-33,-33,-34,-36,-37,-39,-40,-42,-43,-44,-44,-44,-43,-41,-39,-37,-34,-32,-30,-28,-26,-25,-22,-21,-19,-18,-17,-17,-16,-16,-15,-15,-15,-14,-14,-14,-14,-14,-15,-15,-16,-17,-19,-21,-23,-26,-32,-47,-65,-85,-105,-118,-113,-98,-39,42,137,235,323,395,445,453,442,377,282,177,84,5,-69,-151,-244,-346,-447,-538,-610,-662,-691,-693,-673,-626,-568,-500,-419,-328,-235,-148,-79,-30,3,25,33,39,42,43,44,45,46,46,47,49,50,52,54,56,58,60,62,64,67,69,71,74,77,80,83,85,87,89,91,92,93,95,96,97,99,101,103,105,107,108,109,110,111,112,112,113,114,116,117,118,116,112,106,100,92,84,77,66,51,39,32,25,19,13,5,-2,-6,-9,-11,-13,-15,-16,-16,-17,-17,-16,-15,-13,-11,-9,-7,-5,-2,1,6,10,12,14,16,18,20,22,23,22,20,16,12,7,0,-7,-14,-19,-25,-33,-37,-39,-41,-42,-43,-45,-46,-47,-48,-50,-51,-52,-53,-53,-54,-54,-54,-54,-54,-55,-57,-59,-61,-61,-61,-61,-60,-59,-59,-58,-57,-56,-54,-54,-53,-52,-52,-53,-53,-54,-55,-56,-57,-59,-60,-61,-62,-63,-64,-65,-68,-70,-71,-72,-70,-68,-65,-62,-59,-56,-54,-51,-49,-47,-46,-46,-45,-46,-46,-47,-48,-50,-52,-60,-81,-108,-138,-158,-157,-131,-63,28,126,222,310,385,440,451,441,382,291,194,108,29,-55,-158,-274,-388,-486,-563,-623,-669,-692,-699,-688,-652,-598,-531,-453,-368,-283,-207,-143,-93,-54,-25,-10,0,5,11,18,21,24,25,27,29,30,32,34,36,38,40,41,43,44,46,47,49,50,52,54,56,58,59,61,62,64,65,67,69,72,75,79,84,91,100,107,112,115,118,120,120,119,117,114,110,104,94,84,70,55,43,33,24,12,-2,-11,-16,-19,-22,-25,-27,-29,-30,-32,-33,-34,-34,-34,-33,-31,-29,-26,-24,-21,-20,-18,-16,-15,-14,-13,-12,-12,-12,-11,-11,-10,-10,-10,-10,-11,-11,-12,-13,-14,-15,-17,-18,-19,-21,-22,-24,-26,-31,-37,-45,-52,-58,-63,-65,-66,-67,-68,-69,-70,-71,-71,-71,-70,-69,-68,-67,-66,-65,-63,-63,-63,-65,-69,-73,-81,-94,-113,-134,-160,-190,-214,-222,-206,-160,-72,27,129,225,309,373,393,387,335,248,149,57,-21,-99,-191,-297,-407,-508,-589,-650,-691,-720,-730,-724,-706,-659,-592,-510,-416,-319,-226,-147,-83,-37,-8,1,7,11,14,16,19,21,24,27,29,31,33,34,36,38,39,41,42,44,46,48,49,51,53,55,57,60,63,66,71,77,83,88,91,94,97,99,102,104,108,113,120,124,127,129,130,131,130,126,121,114,104,96,87,74,61,47,32,17,3,-11,-24,-34,-41,-46,-48,-50,-52,-55,-57,-60,-63,-68,-79,-97,-117,-126,-129,-122,-80,-9,73,155,228,285,325,342,340,313,250,164,72,-10,-84,-163,-257,-366,-478,-576,-654,-710,-738,-747,-733,-692,-617,-521,-409,-292,-182,-97,-42,-14,-5,2,9,13,17,20,22,25,27,30,32,34,35,37,39,40,41,42,44,45,46,48,49,51,53,57,65,74,82,91,99,108,116,124,135,146,151,154,156,157,158,158,157,155,152,148,141,129,118,106,93,77,59,41,25,8,-7,-25,-40,-51,-60,-68,-77,-81,-84,-85,-87,-88,-88,-88,-86,-84,-81,-79,-78,-77,-76,-74,-73,-72,-71,-71,-71,-72,-72,-73,-73,-74,-75,-76,-76,-77,-77,-78,-80,-81,-82,-82,-82,-81,-80,-78,-77,-76,-75,-74,-73,-72,-71,-71,-70,-70,-69,-69,-67,-66,-66,-69,-73,-75,-77,-78,-79,-80,-81,-82,-82,-82,-82,-81,-79,-77,-74,-72,-69,-63,-59,-62,-68,-78,-93,-119,-149,-177,-187,-175,-139,-57,42,142,232,310,373,407,408,376,298,198,94,5,-72,-150,-237,-333,-432,-525,-604,-668,-703,-714,-703,-670,-619,-567,-514,-451,-372,-282,-197,-128,-76,-43,-25,-17,-13,-11,-9,-7,-6,-5,-4,-3,-2,-1,-1,0,1,3,6,10,16,22,26,31,36,41,44,46,48,49,51,52,53,55,56,58,60,61,63,65,68,73,79,85,92,96,100,104,107,109,109,107,104,99,93,81,62,51,44,36,27,20,14,8,4,1,-1,-6,-11,-13,-13,-14,-14,-14,-14,-14,-14,-14,-14,-14,-14,-14,-14,-13,-13,-12,-11,-11,-10,-9,-9,-8,-7,-7,-6,-5,-4,-2,0,0,-3,-8,-16,-28,-48,-72,-99,-118,-119,-101,-45,35,126,211,286,349,397,414,409,364,284,186,89,0,-90,-192,-307,-427,-537,-625,-685,-716,-726,-716,-687,-626,-547,-457,-361,-261,-168,-96,-51,-24,-13,-10,-8,-7,-6,-5,-5,-4,-3,-2,-1,-1,0,0,0,1,3,5,8,11,13,15,16,18,19,21,23,25,27,29,31,34,36,37,39,40,42,44,50,53,53,54,54,54,54,54,55,54,51,49,46,42,37,31,22,10,0,-12,-24,-32,-42,-47,-51,-54,-56,-58,-59,-60,-61,-61,-62,-62,-62,-63,-63,-62,-60,-57,-53,-50,-48,-46,-44,-41,-39,-38,-36,-36,-36,-37,-38,-40,-42,-44,-46,-50,-57,-68,-73,-77,-79,-81,-83,-84,-84,-85,-84,-84,-83,-82,-80,-79,-77,-75,-73,-72,-71,-69,-68,-67,-65,-64,-63,-62,-61,-60,-59,-58,-57,-57,-56,-55,-54,-52,-49,-45,-40,-37,-34,-32,-31,-29,-28,-27,-27,-26,-27,-28,-30,-33,-36,-40,-50,-66,-89,-118,-149,-170,-168,-140,-71,19,117,209,291,360,409,417,407,345,254,155,64,-18,-102,-197,-303,-410,-506,-582,-641,-682,-697,-696,-672,-630,-577,-514,-438,-348,-252,-162,-85,-22,22,40,47,47,41,36,31,28,31,38,48,61,74,84,88,92,93,89,82,78,75,72,69,67,66,67,69,71,74,76,79,82,86,89,92,95,98,101,105,110,114,117,120,122,124,126,128,129,129,128,127,124,122,118,113,103,94,84,75,68,60,48,36,23,14,10,5,1,-2,-6,-9,-12,-14,-16,-18,-21,-23,-24,-25,-26,-26,-27,-27,-27,-27,-27,-27,-27,-27,-27,-26,-26,-25,-25,-24,-24,-23,-23,-23,-23,-23,-24,-24,-25,-26,-27,-28,-30,-31,-32,-33,-34,-36,-37,-39,-42,-43,-45,-45,-45,-44,-43,-41,-40,-38,-37,-35,-34,-32,-31,-30,-29,-29,-30,-31,-33,-36,-39,-42,-45,-49,-53,-56,-57,-58,-59,-60,-61,-61,-62,-63,-64,-65,-66,-66,-67,-69,-75,-97,-125,-157,-180,-188,-172,-123,-39,60,165,265,351,415,435,427,370,277,174,80,0,-81,-174,-279,-388,-490,-577,-648,-703,-733,-735,-716,-674,-626,-571,-506,-427,-335,-246,-170,-111,-68,-36,-19,-7,1,4,4,5,5,5,6,6,6,7,8,8,9,10,11,12,13,14,15,17,19,22,25,28,31,34,37,40,44,48,54,59,63,67,70,74,77,80,82,84,86,89,93,97,99,101,102,105,108,110,107,101,91,77,63,48,31,15,0,-12,-22,-34,-45,-53,-58,-59,-60,-61,-62,-63,-63,-64,-64,-65,-65,-65,-65,-65,-65,-65,-65,-65,-66,-66,-67,-68,-69,-71,-72,-73,-77,-90,-106,-119,-130,-128,-98,-34,48,135,219,292,348,380,391,376,331,244,144,49,-35,-122,-223,-339,-462,-575,-664,-723,-750,-752,-736,-688,-622,-544,-455,-359,-263,-179,-115,-73,-49,-40,-32,-26,-21,-17,-15,-13,-12,-11,-10,-10,-9,-8,-7,-6,-4,-3,-1,0,2,5,10,14,19,25,32,38,44,51,59,69,78,85,92,98,107,120,128,132,135,137,139,139,137,134,130,126,119,107,99,89,77,64,52,40,26,15,6,0,-9,-21,-32,-45,-56,-61,-65,-68,-71,-73,-74,-75,-76,-76,-76,-76,-76,-77,-78,-79,-80,-82,-83,-84,-86,-88,-91,-94,-103,-117,-125,-130,-114,-66,11,101,186,256,313,357,379,376,344,269,172,70,-22,-109,-200,-304,-414,-518,-605,-673,-722,-744,-752,-742,-712,-654,-574,-482,-387,-298,-219,-153,-100,-59,-30,-15,-10,-8,-7,-5,-4,-3,-1,0,2,4,6,7,9,11,13,15,17,19,22,24,26,28,30,32,35,39,44,55,61,67,71,75,79,84,87,90,93,96,97,98,97,96,94,92,89,85,77,68,57,43,28,14,2,-10,-21,-29,-39,-45,-49,-52,-54,-57,-59,-62,-64,-66,-67,-69,-71,-73,-74,-75,-75,-74,-73,-72,-71,-69,-68,-67,-66,-65,-64,-63,-62,-61,-60,-59,-59,-59,-60,-61,-62,-63,-64,-66,-67,-69,-71,-73,-75,-76,-79,-83,-86,-89,-89,-87,-84,-80,-77,-75,-73,-71,-68,-66,-64,-63,-61,-61,-61,-61,-61,-63,-64,-65,-67,-69,-73,-84,-98,-112,-136,-155,-161,-147,-107,-29,61,150,231,301,356,387,388,365,298,207,114,30,-45,-128,-225,-333,-442,-539,-615,-670,-702,-712,-704,-679,-634,-576,-506,-424,-335,-250,-178,-120,-74,-39,-15,-1,4,6,8,9,10,10,10,10,11,11,12,13,14,14,15,16,17,18,18,19,20,21,23,27,32,36,41,47,56,65,76,85,94,98,101,104,105,107,107,107,107,105,104,101,99,94,87,79,72,67,60,54,48,41,35,29,22,14,5,-6,-20,-26,-29,-31,-33,-34,-35,-36,-36,-36,-35,-34,-33,-31,-28,-25,-23,-20,-16,-13,-9,-7,-6,-4,-3,-3,-2,0,0,1,1,1,2,2,1,0,-1,-3,-6,-9,-12,-16,-22,-28,-33,-37,-41,-47,-51,-56,-58,-60,-61,-63,-64,-65,-66,-67,-68,-69,-69,-68,-68,-67,-67,-66,-66,-65,-65,-64,-64,-63,-63,-61,-59,-57,-58,-62,-69,-91,-116,-146,-170,-179,-167,-131,-54,40,139,234,317,384,423,425,397,323,228,132,47,-31,-118,-220,-330,-436,-527,-599,-651,-672,-679,-672,-651,-620,-579,-526,-449,-351,-248,-159,-89,-41,-11,4,11,14,16,17,18,19,20,21,22,23,24,25,26,27,28,29,30,32,37,42,47,52,58,64,71,78,85,92,98,105,113,118,121,123,124,126,127,127,128,129,130,131,132,133,135,137,141,141,133,125,116,109,100,89,77,64,52,44,35,25,11,-1,-11,-19,-24,-28,-31,-33,-35,-36,-38,-39,-41,-42,-43,-44,-43,-40,-36,-31,-25,-17,-11,-6,-3,0,1,2,3,4,5,4,4,2,0,-1,-3,-5,-7,-9,-11,-14,-17,-19,-21,-23,-26,-28,-30,-32,-34,-35,-36,-38,-39,-40,-41,-42,-43,-44,-45,-45,-45,-45,-45,-45,-45,-45,-45,-45,-45,-44,-43,-42,-41,-40,-39,-37,-37,-36,-36,-36,-36,-36,-36,-36,-36,-36,-36,-35,-34,-33,-33,-32,-31,-31,-32,-32,-33,-34,-35,-36,-37,-38,-39,-40,-41,-43,-48,-61,-88,-118,-148,-165,-162,-130,-56,38,137,235,327,404,452,457,436,361,260,154,58,-26,-116,-216,-323,-428,-524,-605,-667,-703,-715,-709,-693,-652,-602,-540,-458,-360,-261,-172,-102,-52,-18,4,12,16,18,21,22,18,11,7,4,0,-2,-3,-3,-2,0,1,3,6,10,15,20,24,29,34,39,44,50,55,61,67,73,79,86,91,96,99,101,103,104,106,106,106,105,103,101,98,95,91,81,73,62,51,46,44,42,40,37,35,33,30,26,18,3,-8,-16,-22,-27,-30,-33,-35,-37,-38,-38,-38,-37,-34,-31,-28,-25,-22,-20,-17,-14,-11,-8,-6,-4,-2,0,1,2,4,5,7,8,10,11,13,13,13,13,12,11,9,6,2,-12,-37,-68,-106,-147,-173,-172,-141,-66,30,133,230,316,388,437,444,429,359,259,153,55,-36,-134,-244,-366,-489,-597,-686,-752,-788,-790,-765,-705,-625,-536,-445,-351,-254,-166,-99,-49,-13,0,3,5,6,7,8,10,12,14,16,19,21,25,33,36,38,40,41,41,42,43,45,47,48,50,53,57,62,71,81,86,90,93,95,97,98,99,99,100,100,100,100,101,101,101,100,97,92,87,79,70,60,46,33,19,8,0,-8,-17,-26,-36,-44,-51,-57,-63,-68,-74,-78,-81,-81,-82,-83,-83,-84,-84,-85,-85,-85,-85,-85,-84,-82,-80,-78,-75,-73,-70,-68,-66,-63,-60,-57,-55,-54,-55,-57,-59,-62,-65,-68,-74,-79,-83,-86,-89,-91,-93,-95,-96,-96,-96,-95,-93,-90,-88,-85,-83,-81,-78,-77,-75,-73,-71,-69,-68,-67,-66,-66,-65,-64,-63,-62,-62,-61,-61,-60,-59,-58,-58,-57,-57,-56,-56,-57,-57,-57,-58,-59,-59,-60,-61,-62,-64,-72,-95,-121,-145,-153,-142,-108,-30,64,161,252,333,395,414,408,358,271,172,81,9,-54,-127,-216,-312,-408,-492,-565,-629,-680,-704,-704,-678,-622,-552,-476,-392,-305,-220,-143,-77,-25,10,33,40,45,49,52,53,55,56,57,59,61,63,66,68,70,73,77,84,88,89,90,90,91,91,92,92,93,93,94,96,99,101,104,108,117,126,133,140,144,148,150,152,154,156,156,156,155,152,149,145,141,136,130,126,121,114,101,90,82,73,61,48,38,31,21,17,15,14,13,12,11,11,10,10,9,9,8,8,8,8,9,9,10,10,10,11,11,11,11,11,11,10,9,8,7,6,5,4,3,2,1,0,0,-2,-4,-7,-10,-13,-16,-18,-20,-22,-23,-24,-25,-26,-26,-27,-27,-27,-28,-28,-28,-28,-28,-29,-29,-29,-30,-30,-30,-31,-32,-33,-34,-35,-36,-38,-39,-41,-43,-45,-47,-50,-56,-62,-66,-67,-68,-69,-70,-71,-72,-73,-73,-74,-75,-76,-78,-80,-83,-89,-102,-125,-154,-185,-195,-186,-159,-89,0,94,186,271,345,393,399,379,307,213,114,26,-54,-141,-240,-344,-443,-529,-601,-661,-708,-721,-717,-683,-633,-571,-496,-409,-313,-219,-138,-77,-36,-9,0,1,2,3,4,4,4,3,2,0,-1,-2,-4,-5,-5,-2,1,6,12,21,27,32,35,37,39,40,42,43,44,46,47,49,50,52,54,56,58,62,66,70,73,76,79,82,85,88,91,95,98,101,105,109,109,106,100,92,78,64,48,30,13,-2,-13,-20,-29,-40,-50,-58,-64,-68,-71,-74,-76,-76,-75,-74,-72,-69,-66,-72,-91,-115,-123,-118,-105,-44,41,131,215,290,352,397,411,405,360,275,173,73,-14,-99,-193,-301,-414,-520,-606,-669,-712,-735,-735,-713,-648,-554,-444,-330,-219,-125,-60,-23,-9,-5,-2,0,0,0,-3,-6,-8,-11,-13,-15,-15,-13,-10,-6,-1,5,11,17,23,29,34,38,42,46,51,58,64,69,74,79,84,91,100,107,113,118,122,126,128,130,132,133,132,129,124,119,111,102,92,83,75,63,49,35,20,3,-12,-28,-44,-58,-74,-82,-85,-87,-89,-91,-93,-94,-94,-94,-94,-94,-93,-92,-91,-89,-88,-86,-85,-84,-83,-82,-80,-80,-79,-78,-77,-77,-76,-75,-75,-75,-75,-74,-74,-74,-73,-73,-73,-72,-71,-70,-69,-68,-67,-66,-65,-64,-62,-57,-53,-51,-49,-47,-44,-42,-41,-43,-47,-52,-56,-61,-65,-69,-71,-73,-76,-81,-92,-108,-123,-148,-174,-182,-174,-151,-79,14,114,205,281,343,391,405,397,343,254,150,52,-34,-120,-213,-316,-420,-511,-585,-645,-691,-714,-721,-712,-685,-639,-577,-494,-396,-291,-197,-121,-65,-23,6,29,38,42,45,46,46,43,39,37,35,33,32,31,30,29,29,29,31,33,35,38,41,45,50,55,59,62,65,69,72,75,79,84,88,91,95,98,102,106,110,113,118,123,127,129,130,130,131,132,133,128,119,108,95,88,78,66,54,40,30,25,20,15,10,3,-5,-14,-21,-27,-31,-33,-35,-36,-37,-38,-38,-38,-38,-38,-38,-37,-35,-33,-30,-28,-25,-23,-21,-18,-16,-14,-12,-12,-12,-14,-15,-18,-21,-24,-27,-30,-34,-38,-41,-43,-46,-48,-49,-50,-51,-51,-52,-52,-52,-53,-53,-54,-55,-56,-57,-58,-59,-60,-61,-62,-63,-64,-66,-69,-75,-80,-82,-84,-86,-88,-90,-90,-86,-81,-78,-76,-74,-73,-71,-70,-68,-67,-67,-67,-67,-68,-69,-71,-73,-75,-78,-81,-88,-102,-121,-144,-172,-181,-173,-150,-78,14,114,213,305,380,421,423,390,307,202,99,15,-55,-132,-222,-323,-428,-522,-601,-665,-715,-745,-747,-730,-690,-642,-587,-517,-435,-347,-261,-182,-118,-75,-48,-38,-31,-26,-22,-18,-13,-7,-1,4,9,14,17,19,21,22,23,23,24,25,26,27,28,29,30,31,33,34,35,37,40,44,49,54,58,64,72,80,85,88,91,94,95,97,99,101,103,105,106,105,101,95,85,69,53,38,25,15,6,0,-5,-11,-17,-22,-27,-31,-33,-34,-36,-37,-37,-38,-40,-41,-42,-43,-45,-48,-51,-58,-75,-92,-103,-95,-73,-6,79,167,246,313,365,401,405,394,337,250,146,44,-43,-126,-214,-316,-426,-534,-626,-694,-730,-743,-730,-693,-622,-535,-445,-353,-260,-174,-111,-68,-38,-15,1,12,18,22,25,26,26,26,25,24,23,22,20,20,21,23,26,28,29,31,33,35,38,40,43,46,51,59,68,77,86,93,97,101,105,110,115,119,123,127,129,127,124,118,109,94,79,65,50,34,19,4,-6,-12,-19,-26,-36,-50,-60,-65,-69,-69,-70,-70,-70,-70,-70,-69,-69,-69,-68,-66,-64,-62,-59,-58,-56,-55,-53,-52,-51,-50,-50,-49,-49,-49,-50,-51,-51,-52,-53,-54,-55,-56,-57,-57,-58,-58,-59,-60,-61,-61,-62,-64,-65,-67,-70,-72,-74,-76,-79,-83,-86,-87,-87,-88,-88,-88,-88,-88,-88,-88,-87,-85,-82,-79,-76,-73,-70,-68,-68,-69,-73,-79,-98,-121,-148,-179,-203,-204,-188,-129,-43,57,158,249,325,379,399,375,309,215,116,30,-44,-116,-200,-297,-395,-486,-566,-638,-694,-728,-739,-727,-692,-637,-576,-504,-423,-341,-263,-197,-145,-102,-69,-43,-25,-15,-10,-7,-4,-1,1,3,5,8,11,15,19,22,24,25,25,26,27,27,28,30,31,32,33,35,37,39,42,46,53,60,65,69,72,75,78,80,83,86,88,91,94,96,99,99,99,96,93,89,83,74,66,58,49,40,27,14,4,-6,-18,-28,-32,-33,-34,-34,-35,-35,-35,-35,-35,-35,-35,-36,-36,-36,-36,-37,-37,-38,-38,-39,-41,-43,-48,-64,-81,-91,-84,-62,0,82,165,241,305,355,387,390,376,316,228,130,41,-37,-116,-209,-319,-436,-547,-643,-715,-762,-774,-769,-729,-658,-571,-476,-376,-277,-188,-119,-75,-51,-36,-25,-18,-13,-10,-8,-6,-4,-3,-2,0,2,4,7,9,11,13,15,17,18,20,22,24,26,28,30,34,42,51,57,61,64,68,72,76,81,87,92,96,100,103,106,106,103,98,91,79,66,54,43,31,20,8,-1,-9,-19,-26,-30,-34,-38,-41,-44,-46,-50,-54,-58,-60,-63,-65,-67,-69,-70,-70,-67,-63,-59,-55,-52,-48,-45,-44,-45,-46,-49,-54,-62,-76,-98,-122,-131,-124,-102,-39,42,126,206,276,335,379,393,386,340,260,165,71,-14,-103,-205,-319,-436,-544,-632,-694,-733,-746,-741,-726,-678,-612,-523,-416,-301,-197,-117,-63,-31,-9,5,12,16,18,20,21,22,23,25,26,27,28,30,31,32,34,36,38,40,43,46,50,55,60,65,71,77,85,95,103,107,111,114,116,119,121,123,125,128,130,132,132,132,130,127,123,116,101,89,79,70,64,59,54,49,44,37,29,20,11,3,-6,-11,-15,-18,-21,-23,-26,-28,-31,-32,-34,-35,-35,-36,-37,-37,-37,-37,-37,-37,-37,-38,-38,-38,-38,-38,-38,-38,-38,-39,-39,-40,-42,-43,-45,-49,-58,-67,-75,-81,-85,-89,-91,-93,-95,-97,-98,-98,-99,-99,-98,-97,-95,-92,-90,-88,-86,-84,-81,-79,-77,-74,-72,-71,-70,-68,-67,-67,-66,-66,-66,-66,-66,-66,-66,-65,-65,-65,-64,-64,-64,-64,-64,-64,-64,-65,-66,-67,-68,-69,-70,-71,-72,-74,-75,-76,-78,-80,-85,-90,-94,-97,-100,-103,-106,-107,-105,-101,-96,-92,-88,-85,-82,-80,-78,-77,-76,-75,-74,-73,-72,-71,-70,-71,-75,-80,-98,-120,-151,-178,-187,-174,-136,-55,43,140,231,312,377,416,418,393,318,217,109,12,-68,-147,-232,-323,-414,-499,-574,-635,-683,-710,-718,-712,-692,-655,-601,-527,-428,-316,-210,-126,-68,-45,-39,-35,-30,-26,-21,-15,-7,0,6,9,10,12,13,13,14,16,17,17,18,19,20,21,22,23,24,25,26,28,30,34,38,42,46,52,60,69,75,78,81,84,86,88,90,92,94,96,98,100,102,103,103,102,100,96,92,83,69,58,50,42,33,24,14,5,-1,-7,-12,-14,-17,-18,-20,-21,-23,-25,-26,-27,-29,-31,-37,-50,-64,-75,-83,-80,-45,22,104,185,256,311,348,360,350,321,245,146,44,-42,-117,-196,-290,-402,-524,-639,-731,-795,-819,-817,-781,-707,-612,-507,-407,-310,-218,-141,-92,-70,-63,-59,-55,-51,-48,-42,-34,-31,-30,-30,-29,-29,-28,-28,-27,-26,-25,-23,-21,-19,-17,-14,-10,-1,4,9,15,20,26,32,37,41,45,49,52,56,61,67,73,78,82,86,88,90,90,88,85,81,72,57,42,25,7,-8,-29,-53,-69,-84,-93,-96,-96,-97,-97,-97,-97,-96,-96,-96,-96,-96,-96,-95,-95,-95,-95,-95,-96,-96,-97,-98,-99,-101,-104,-107,-123,-147,-156,-163,-156,-111,-38,42,116,178,229,270,292,292,267,207,126,44,-25,-91,-169,-268,-384,-503,-609,-692,-749,-775,-777,-760,-718,-661,-594,-515,-425,-328,-237,-160,-103,-66,-49,-39,-31,-23,-20,-18,-17,-16,-16,-15,-14,-13,-13,-12,-11,-9,-8,-8,-7,-7,-6,-4,-3,-1,1,4,8,12,16,19,22,24,28,33,38,44,50,53,56,58,61,63,64,64,63,62,60,58,54,47,35,24,13,2,-9,-22,-38,-50,-56,-61,-63,-64,-64,-64,-65,-65,-65,-65,-65,-65,-65,-66,-66,-67,-68,-69,-71,-73,-78,-92,-110,-124,-136,-136,-114,-58,22,106,183,246,293,315,323,309,269,192,100,13,-58,-123,-198,-291,-398,-509,-607,-683,-738,-771,-782,-769,-731,-662,-575,-476,-375,-280,-198,-135,-90,-58,-43,-40,-38,-36,-35,-34,-33,-31,-29,-28,-26,-24,-23,-22,-20,-18,-16,-15,-13,-11,-9,-7,-6,-4,-2,-1,0,2,4,6,9,11,15,18,25,36,45,54,63,70,76,81,84,84,81,75,68,59,51,42,29,15,2,-5,-10,-17,-26,-31,-35,-39,-42,-45,-45,-44,-42,-39,-35,-32,-29,-24,-19,-16,-14,-12,-11,-9,-5,-6,-14,-27,-40,-54,-74,-90,-95,-80,-33,45,130,209,276,328,367,386,383,351,283,197,111,35,-36,-121,-223,-337,-451,-551,-628,-682,-707,-709,-693,-647,-580,-503,-411,-307,-202,-111,-48,-12,5,15,20,24,28,34,38,42,45,48,51,53,54,55,55,56,57,58,59,60,61,62,63,64,66,69,72,76,80,86,92,95,98,101,103,106,109,112,117,124,138,147,153,156,157,156,153,149,143,136,127,116,101,84,68,56,49,43,37,31,25,25,36,51,68,93,120,152,190,232,276,321,368,414,460,505,545,580,615,655,702,756,818,891,970,1039,1076,1055,955,774,531,263,14,-180,-302,-345,-348,-329,-318,-313,-310,-309,-310,-314,-319,-324,-330,-335,-339,-344,-346,-349,-351,-353,-354,-355,-355,-355,-355,-355,-354,-353,-352,-351,-350,-348,-347,-345,-342,-341,-342,-346,-352,-359,-369,-377,-382,-387,-390,-392,-390,-386,-380,-373,-362,-353,-342,-326,-310,-292,-273,-256,-233,-211,-189,-166,-142,-119,-104,-87,-71,-55,-40,-25,-10,0,6,12,19,24,28,31,34,36,38,39,40,41,42,43,44,45,46,46,47,48,48,49,49,50,50,50,52,54,54,51,46,31,10,-16,-51,-78,-87,-72,-25,56,149,242,329,406,467,488,482,431,344,249,163,90,14,-77,-183,-295,-399,-488,-563,-621,-656,-661,-646,-599,-536,-463,-380,-289,-197,-112,-39,17,56,73,79,81,83,85,87,89,91,94,96,98,101,103,105,107,109,112,115,118,121,124,127,130,133,135,137,140,145,153,159,167,179,190,198,205,211,216,220,225,228,232,237,240,240,237,232,225,213,202,189,175,163,151,138,125,113,102,90,79,68,59,45,37,33,31,29,27,26,24,23,22,22,21,20,18,15,10,2,-6,-15,-24,-27,-29,-31,-32,-33,-33,-34,-34,-35,-35,-36,-37,-38,-39,-40,-40,-41,-42,-43,-44,-45,-47,-49,-51,-55,-58,-60,-62,-63,-64,-65,-66,-67,-67,-68,-68,-68,-69,-69,-69,-69,-70,-70,-69,-69,-69,-69,-68,-67,-66,-65,-64,-62,-61,-59,-57,-56,-55,-54,-53,-52,-51,-50,-49,-47,-46,-44,-42,-40,-38,-37,-35,-34,-32,-30,-29,-28,-27,-25,-24,-22,-21,-19,-19,-19,-19,-19,-20,-22,-23,-25,-27,-29,-30,-31,-32,-33,-33,-34,-34,-35,-36,-37,-38,-39,-40,-41,-41,-43,-44,-47,-50,-67,-90,-117,-126,-118,-93,-22,69,170,271,362,436,473,472,430,339,227,118,30,-45,-124,-215,-313,-408,-487,-543,-585,-620,-637,-643,-633,-603,-564,-508,-432,-346,-260,-185,-124,-77,-43,-20,-12,-7,-2,0,3,6,9,13,18,23,29,35,39,42,44,45,47,48,49,51,54,56,58,61,63,65,66,68,69,70,71,73,74,76,78,79,80,82,82,83,83,84,84,85,85,86,89,91,93,93,91,87,83,76,66,56,42,26,12,0,-11,-24,-35,-42,-45,-45,-45,-46,-46,-46,-46,-46,-46,-47,-47,-47,-47,-46,-46,-45,-44,-43,-41,-40,-39,-38,-38,-38,-37,-37,-37,-36,-36,-35,-34,-33,-31,-31,-30,-30,-30,-30,-31,-31,-32,-33,-34,-35,-36,-38,-40,-50,-71,-100,-135,-174,-205,-208,-192,-133,-54,30,118,200,270,323,345,342,300,220,126,34,-49,-134,-230,-336,-447,-548,-630,-691,-724,-735,-726,-699,-642,-569,-488,-402,-309,-221,-151,-102,-66,-35,-8,0,2,4,5,5,6,6,7,8,8,8,9,10,11,11,12,12,11,9,8,7,5,4,4,9,15,19,24,28,31,34,37,40,46,53,61,67,71,74,78,82,86,89,92,96,98,99,98,96,94,90,84,72,60,47,35,27,20,15,10,5,-2,-10,-17,-22,-26,-30,-34,-39,-44,-52,-64,-77,-89,-101,-101,-80,-28,44,125,202,267,318,350,361,348,308,230,140,54,-21,-94,-175,-272,-377,-481,-574,-649,-710,-749,-753,-735,-673,-579,-464,-346,-240,-154,-92,-51,-27,-14,-5,-1,2,9,16,20,24,27,30,32,34,36,37,38,39,41,42,44,46,49,52,55,59,63,69,75,81,89,97,104,107,109,110,111,112,113,114,114,114,113,112,111,109,107,104,101,93,84,75,66,56,43,28,15,1,-10,-19,-28,-36,-44,-51,-54,-56,-58,-59,-60,-61,-62,-62,-62,-61,-61,-60,-60,-59,-58,-58,-57,-56,-56,-55,-54,-53,-52,-51,-51,-52,-54,-57,-61,-65,-72,-78,-84,-89,-92,-95,-97,-98,-97,-95,-93,-91,-90,-89,-88,-87,-87,-86,-86,-86,-86,-85,-84,-83,-82,-81,-81,-79,-78,-77,-75,-74,-72,-70,-68,-65,-62,-58,-56,-55,-55,-55,-56,-58,-60,-66,-77,-93,-117,-146,-167,-166,-140,-72,15,110,201,280,345,391,398,384,317,219,109,9,-72,-146,-222,-306,-395,-482,-560,-625,-674,-698,-706,-697,-670,-629,-578,-510,-422,-323,-222,-135,-72,-31,-11,-6,-3,-1,0,1,2,4,5,6,8,9,10,12,14,17,19,22,24,25,27,28,29,29,29,30,30,30,31,32,32,33,34,34,35,35,36,37,38,40,42,46,55,63,71,77,84,90,95,100,104,105,104,100,95,87,75,63,52,39,25,16,11,8,5,3,2,2,2,2,2,2,2,1,0,0,0,1,5,9,12,16,20,22,21,17,14,10,5,1,-2,-7,-11,-15,-19,-23,-26,-30,-38,-48,-63,-87,-116,-135,-141,-127,-83,-5,85,180,271,354,423,461,463,432,359,267,172,83,-8,-115,-237,-364,-480,-571,-634,-675,-693,-699,-685,-644,-574,-484,-380,-268,-164,-83,-27,11,39,49,52,54,55,55,55,50,44,37,30,24,18,13,9,6,3,3,3,6,10,14,19,27,33,39,44,47,50,52,56,59,63,67,73,81,87,92,97,102,105,107,109,111,112,114,115,115,112,109,104,98,88,79,67,53,39,25,14,6,-2,-10,-18,-27,-35,-43,-51,-55,-57,-59,-60,-61,-62,-62,-62,-62,-61,-60,-58,-56,-54,-52,-49,-47,-45,-43,-41,-39,-38,-38,-38,-39,-39,-40,-40,-40,-41,-41,-42,-42,-42,-42,-42,-43,-44,-45,-45,-46,-46,-46,-45,-44,-43,-42,-40,-39,-39,-38,-37,-37,-36,-35,-34,-34,-33,-34,-35,-37,-40,-43,-46,-52,-62,-71,-79,-87,-90,-92,-94,-95,-95,-93,-90,-88,-87,-86,-86,-85,-84,-84,-83,-83,-83,-83,-83,-83,-84,-84,-83,-83,-82,-82,-81,-81,-81,-80,-80,-80,-79,-79,-77,-73,-73,-80,-101,-121,-144,-153,-161,-137,-77,11,115,216,304,375,425,432,422,359,262,153,53,-28,-105,-189,-286,-386,-477,-554,-614,-662,-700,-714,-712,-685,-646,-595,-530,-444,-344,-245,-160,-93,-41,-5,15,21,26,30,34,36,38,39,40,41,42,43,45,46,47,48,49,51,53,56,60,69,75,79,82,85,88,91,92,93,94,95,96,97,98,100,102,104,106,108,110,112,115,120,125,127,128,129,129,130,131,131,132,131,129,125,120,113,102,92,78,63,53,45,37,34,32,31,30,29,28,27,27,27,26,26,26,26,26,26,26,27,27,27,27,26,26,26,26,26,26,25,25,24,23,21,20,18,17,14,7,1,-2,-5,-8,-10,-12,-13,-14,-14,-13,-11,-10,-8,-6,-4,-2,0,1,0,0,0,-1,-1,-1,-1,-2,-3,-3,-4,-4,-4,-4,-3,-3,-2,-1,0,0,0,0,0,-1,-1,-2,-2,-3,-4,-6,-7,-8,-10,-13,-20,-26,-32,-41,-54,-77,-101,-127,-154,-163,-157,-138,-70,23,126,227,316,387,432,437,420,349,252,148,55,-27,-111,-205,-307,-408,-497,-569,-626,-670,-694,-696,-681,-634,-573,-502,-420,-331,-241,-161,-102,-62,-35,-21,-16,-13,-11,-10,-9,-9,-10,-11,-13,-15,-18,-22,-29,-33,-35,-37,-40,-41,-38,-32,-27,-22,-18,-14,-11,-9,-6,-4,-1,1,5,10,14,20,25,31,36,41,45,48,51,54,56,59,60,60,60,59,57,55,52,49,43,33,24,16,9,3,-4,-11,-19,-25,-31,-36,-41,-47,-52,-62,-72,-76,-78,-79,-80,-81,-82,-82,-82,-82,-82,-80,-79,-77,-74,-72,-69,-67,-64,-61,-57,-55,-53,-51,-49,-48,-46,-44,-42,-41,-40,-41,-43,-47,-52,-61,-78,-109,-143,-166,-174,-161,-121,-45,44,134,219,292,353,388,390,365,298,210,118,34,-46,-137,-244,-358,-470,-569,-646,-699,-723,-723,-701,-652,-589,-516,-432,-339,-244,-162,-102,-64,-42,-36,-32,-28,-23,-20,-17,-15,-13,-11,-9,-8,-6,-5,-3,-1,0,1,3,4,6,8,10,12,14,15,17,19,22,25,31,40,47,56,69,80,88,96,99,102,104,106,107,107,107,107,106,104,101,97,90,74,60,50,42,31,17,3,-9,-17,-21,-25,-30,-34,-38,-41,-43,-45,-47,-49,-50,-51,-52,-53,-55,-57,-59,-60,-59,-57,-53,-47,-35,-23,-19,-18,-16,-15,-14,-13,-11,-10,-9,-7,-5,-4,-2,-1,0,2,5,7,8,8,6,4,0,-4,-15,-33,-61,-93,-126,-149,-157,-143,-102,-26,63,159,254,340,408,441,440,406,330,239,147,60,-31,-132,-247,-365,-472,-557,-619,-658,-670,-665,-650,-604,-545,-473,-386,-283,-184,-99,-37,4,31,45,51,54,57,58,59,60,60,61,62,64,65,65,63,61,59,57,55,53,51,50,50,50,52,55,59,64,72,80,86,90,93,98,103,107,110,112,115,117,120,121,122,123,123,122,122,121,120,118,116,114,109,96,84,75,67,59,51,41,27,13,4,-1,-9,-16,-23,-26,-27,-28,-29,-30,-30,-31,-32,-33,-33,-34,-35,-35,-36,-36,-37,-39,-40,-41,-42,-41,-39,-35,-32,-27,-22,-17,-15,-13,-11,-10,-10,-9,-9,-9,-9,-10,-12,-14,-16,-18,-19,-20,-21,-22,-23,-24,-25,-25,-26,-26,-26,-26,-26,-26,-25,-25,-25,-25,-26,-26,-27,-27,-28,-30,-31,-32,-34,-35,-37,-39,-44,-55,-58,-60,-61,-62,-63,-64,-64,-65,-65,-64,-63,-61,-58,-56,-53,-50,-46,-42,-40,-40,-43,-47,-54,-65,-85,-111,-145,-168,-176,-160,-111,-25,76,182,283,371,438,460,452,394,299,193,97,17,-56,-144,-246,-353,-452,-538,-610,-664,-702,-718,-716,-693,-654,-604,-536,-449,-350,-257,-178,-118,-77,-50,-37,-28,-23,-18,-12,-9,-8,-7,-6,-5,-4,-3,-3,-2,-1,0,1,1,2,3,3,4,5,6,8,11,17,22,28,33,38,43,47,52,58,63,68,74,79,84,91,100,109,116,122,126,127,128,129,130,130,123,115,107,98,87,71,58,48,37,26,16,7,0,-6,-13,-20,-26,-31,-35,-37,-39,-40,-40,-41,-41,-42,-43,-43,-43,-41,-39,-37,-35,-33,-30,-28,-25,-24,-24,-24,-26,-28,-32,-44,-65,-85,-86,-70,-12,69,157,237,307,369,417,437,432,386,298,190,85,-7,-96,-193,-301,-415,-520,-607,-672,-710,-723,-713,-685,-626,-552,-469,-376,-277,-180,-95,-31,6,17,19,20,20,21,21,21,21,20,20,19,18,16,14,11,10,12,17,22,26,30,34,38,42,45,48,50,54,59,65,72,82,94,97,100,101,103,104,105,104,103,101,99,97,95,92,88,84,79,74,69,64,59,55,52,49,42,30,17,4,-9,-21,-30,-42,-48,-50,-52,-53,-54,-55,-56,-56,-57,-57,-57,-57,-56,-56,-54,-53,-51,-49,-48,-46,-45,-43,-41,-38,-36,-33,-30,-27,-24,-21,-20,-22,-27,-33,-39,-46,-51,-53,-55,-56,-57,-58,-59,-60,-61,-61,-60,-59,-57,-55,-53,-50,-47,-43,-39,-36,-34,-33,-31,-29,-27,-28,-29,-31,-33,-33,-34,-34,-35,-36,-37,-38,-39,-40,-40,-41,-41,-40,-40,-39,-38,-38,-37,-37,-37,-38,-38,-39,-41,-42,-43,-44,-46,-47,-48,-49,-50,-51,-52,-52,-54,-55,-55,-55,-55,-54,-54,-52,-51,-49,-47,-45,-43,-39,-36,-37,-40,-46,-64,-92,-123,-144,-152,-138,-97,-13,87,194,297,388,454,481,461,396,303,202,114,39,-37,-132,-242,-354,-453,-532,-586,-616,-628,-628,-621,-603,-560,-505,-436,-353,-266,-186,-123,-74,-36,-11,3,11,15,17,19,21,23,25,27,28,29,31,32,33,34,35,36,37,38,39,40,41,42,43,45,47,50,54,61,68,74,80,86,92,98,102,105,108,110,113,115,118,121,124,131,140,147,151,155,157,158,157,154,149,142,129,118,109,101,92,83,76,66,53,40,30,20,11,5,0,-2,-5,-5
