-152,-188,-225,-264,-286,-295,-301,-288,-267,-241,-221,-209,-201,-196,-192,-189,-186,-183,-182,-180,-179,-178,-178,-178,-180,-183,-187,-192,-196,-200,-204,-207,-210,-214,-219,-223,-227,-230,-231,-231,-229,-226,-222,-217,-211,-201,-183,-166,-148,-131,-118,-101,-77,-51,-21,13,46,79,108,135,161,178,190,194,186,169,152,133,120,110,103,98,93,87,81,74,67,60,52,40,27,14,6,0,-3,-8,-11,-13,-13,-11,-8,-2,2,8,14,23,32,39,45,50,55,60,65,68,67,62,54,44,32,16,1,-12,-24,-35,-43,-48,-52,-55,-57,-59,-60,-62,-63,-64,-64,-62,-59,-55,-49,-44,-39,-34,-29,-24,-21,-20,-21,-24,-29,-35,-44,-62,-93,-137,-192,-270,-373,-496,-620,-724,-780,-798,-783,-742,-671,-578,-459,-326,-198,-99,-50,-33,-24,-23,-28,-34,-40,-48,-53,-53,-47,-39,-34,-29,-24,-20,-20,-25,-33,-43,-52,-63,-75,-86,-97,-104,-111,-116,-120,-123,-126,-127,-127,-126,-123,-120,-115,-110,-104,-99,-94,-89,-85,-80,-76,-72,-68,-66,-63,-61,-59,-57,-54,-51,-48,-45,-42,-42,-42,-45,-48,-54,-60,-68,-80,-100,-118,-129,-138,-146,-153,-159,-165,-171,-176,-183,-190,-199,-206,-213,-219,-225,-230,-234,-237,-240,-243,-248,-251,-251,-245,-236,-222,-198,-169,-134,-105,-87,-77,-72,-69,-67,-65,-63,-61,-58,-55,-50,-43,-36,-30,-25,-21,-16,-12,-8,-5,-4,-4,-6,-7,-9,-12,-15,-18,-23,-28,-31,-31,-27,-19,-10,-2,8,18,28,38,46,52,58,64,67,70,72,73,74,74,73,72,71,69,68,66,64,62,59,56,53,49,45,39,33,23,5,-8,-16,-22,-27,-31,-33,-33,-30,-26,-21,-16,-12,-8,-3,1,5,5,1,-5,-14,-22,-30,-40,-50,-58,-61,-62,-62,-61,-61,-61,-61,-60,-54,-42,-30,-25,-20,-16,-11,-6,-2,0,3,6,10,13,15,16,17,19,22,25,29,32,36,40,43,44,43,41,37,32,26,18,5,-8,-24,-33,-40,-47,-53,-58,-62,-64,-64,-64,-65,-66,-66,-68,-70,-72,-73,-70,-67,-63,-58,-73,-92,-108,-124,-132,-137,-142,-146,-151,-155,-159,-163,-167,-171,-176,-181,-185,-190,-196,-201,-206,-210,-214,-218,-224,-233,-246,-252,-255,-258,-261,-264,-258,-247,-239,-231,-223,-216,-210,-204,-198,-192,-186,-178,-167,-157,-150,-145,-140,-136,-133,-130,-127,-124,-122,-119,-117,-114,-112,-110,-107,-103,-98,-94,-90,-87,-84,-80,-76,-72,-68,-64,-61,-56,-52,-48,-44,-42,-40,-39,-37,-35,-32,-28,-21,-17,-22,-36,-76,-126,-191,-272,-372,-488,-615,-739,-843,-886,-877,-784,-611,-400,-194,-31,69,103,115,120,117,110,104,100,96,92,88,82,75,67,60,56,53,51,49,47,44,41,37,34,33,34,35,37,39,42,45,47,50,51,53,53,54,53,53,52,51,50,50,51,50,49,48,47,47,47,46,46,46,46,46,47,48,49,51,52,53,54,54,54,55,57,61,63,63,58,52,45,40,34,27,21,18,18,20,21,23,23,24,26,28,30,32,33,34,35,36,36,35,34,32,30,29,29,28,28,28,27,27,26,26,24,23,22,22,21,20,19,19,19,20,22,24,27,29,31,33,35,38,41,44,47,51,55,59,64,69,73,78,83,89,96,102,107,112,117,123,132,143,155,169,182,195,210,225,234,241,247,252,255,256,254,250,244,237,230,221,205,192,181,175,172,169,167,164,161,158,154,151,147,143,138,133,128,122,113,94,80,69,62,55,48,43,40,39,39,40,41,43,44,46,48,45,39,32,29,27,24,22,20,18,16,15,15,14,14,14,13,12,11,10,9,8,7,5,4,3,3,2,2,1,1,1,0,0,-2,-4,-6,-6,-6,-5,-4,-4,-3,-3,-2,-1,0,0,0,0,1,2,4,4,4,2,0,-2,-5,-8,-10,-12,-14,-15,-16,-17,-18,-19,-21,-23,-26,-29,-33,-37,-43,-49,-59,-68,-76,-83,-87,-91,-94,-97,-99,-101,-102,-102,-99,-96,-91,-85,-79,-73,-66,-58,-50,-42,-34,-27,-24,-21,-18,-16,-13,-11,-9,-8,-7,-6,-4,-3,-3,-3,-5,-6,-8,-10,-11,-13,-16,-18,-21,-24,-26,-29,-31,-34,-36,-37,-38,-40,-42,-45,-48,-51,-53,-55,-56,-58,-61,-65,-71,-83,-112,-164,-239,-335,-444,-561,-679,-787,-860,-867,-825,-686,-492,-283,-104,18,71,90,97,90,76,59,40,27,23,20,18,17,15,13,11,9,7,5,3,2,2,3,3,3,3,4,6,7,8,9,9,10,11,13,14,15,17,24,29,22,10,7,4,2,0,0,-1,-2,-3,-5,-6,-7,-8,-8,-8,-9,-10,-11,-11,-11,-11,-11,-12,-13,-14,-15,-16,-17,-18,-20,-22,-25,-27,-30,-34,-37,-42,-54,-64,-71,-77,-81,-84,-88,-91,-94,-95,-96,-94,-92,-88,-84,-81,-77,-73,-69,-64,-58,-53,-46,-40,-32,-24,-13,-3,3,8,11,13,15,17,19,21,24,27,30,34,38,42,46,50,54,58,63,69,76,82,87,92,96,100,105,110,116,122,127,131,135,139,142,144,145,147,149,151,153,154,155,154,153,151,150,148,145,143,140,138,136,136,136,136,135,135,135,135,135,135,135,134,134,134,135,136,137,138,138,138,138,138,137,136,135,133,132,130,129,128,126,124,122,120,118,115,110,104,98,92,85,79,73,67,63,59,55,52,49,46,43,41,39,37,35,33,31,28,22,5,-16,-40,-54,-62,-68,-71,-71,-66,-58,-49,-42,-35,-29,-23,-19,-16,-14,-12,-11,-9,-6,-4,-3,-2,-3,-6,-10,-14,-18,-23,-27,-29,-25,-16,-7,0,6,14,19,22,21,18,14,8,2,-3,-13,-21,-25,-28,-29,-31,-33,-35,-38,-40,-41,-42,-43,-44,-45,-45,-45,-44,-44,-43,-44,-44,-45,-46,-47,-48,-50,-53,-56,-59,-61,-63,-66,-70,-73,-77,-82,-86,-93,-101,-108,-113,-114,-111,-107,-102,-96,-90,-84,-76,-69,-63,-57,-51,-45,-37,-30,-25,-21,-16,-9,-11,-28,-52,-83,-133,-191,-265,-357,-465,-586,-714,-835,-932,-963,-950,-848,-670,-465,-277,-133,-38,-2,11,9,-7,-17,-25,-32,-38,-41,-41,-39,-36,-34,-32,-31,-29,-27,-24,-22,-21,-19,-18,-17,-15,-13,-12,-11,-11,-10,-10,-10,-11,-11,-12,-13,-14,-14,-14,-14,-14,-14,-14,-14,-15,-16,-17,-19,-21,-24,-26,-28,-30,-32,-33,-34,-34,-35,-35,-35,-36,-38,-40,-42,-44,-46,-48,-49,-51,-54,-58,-63,-68,-77,-97,-117,-128,-135,-142,-147,-151,-154,-156,-158,-160,-162,-163,-165,-168,-171,-174,-176,-176,-170,-163,-157,-154,-151,-149,-147,-145,-144,-142,-140,-138,-136,-133,-131,-129,-127,-125,-121,-117,-113,-109,-102,-90,-77,-67,-57,-52,-49,-46,-44,-41,-38,-36,-33,-31,-29,-28,-27,-27,-26,-26,-26,-25,-23,-21,-17,-13,-8,-3,4,12,18,21,24,26,27,27,28,29,30,32,34,35,36,37,38,38,38,38,37,36,35,34,33,33,33,34,36,37,37,38,38,37,38,38,39,39,40,40,41,42,45,47,49,51,52,54,56,59,61,63,66,69,72,76,80,83,85,87,89,91,93,94,95,95,95,95,96,97,97,98,98,97,97,97,98,99,99,99,96,91,85,80,76,72,67,62,58,56,57,62,68,76,83,90,99,109,118,126,133,139,144,149,155,159,163,165,166,166,165,164,162,159,156,153,151,149,148,147,146,144,141,138,135,132,130,128,125,123,120,117,114,110,105,96,85,74,64,59,56,53,50,48,46,46,46,46,46,46,46,45,45,45,45,44,44,42,41,41,40,40,39,37,35,33,31,29,27,25,22,19,15,10,6,2,0,-2,-5,-7,-8,-9,-9,-9,-8,-8,-7,-7,-6,-6,-7,-8,-9,-11,-12,-13,-14,-15,-17,-21,-27,-51,-92,-152,-231,-332,-453,-587,-719,-828,-875,-868,-786,-620,-409,-194,-16,96,128,138,123,79,32,16,11,9,7,6,4,3,2,0,0,0,-1,-1,0,0,0,-1,-2,-3,-3,-2,-1,-1,-1,-1,-2,-3,-4,-5,-7,-8,-8,-8,-7,-7,-7,-7,-6,-6,-6,-6,-7,-8,-9,-9,-10,-10,-10,-10,-11,-11,-11,-11,-11,-12,-13,-16,-18,-21,-24,-28,-32,-37,-43,-49,-55,-62,-72,-83,-92,-98,-103,-107,-110,-114,-116,-119,-120,-121,-120,-118,-116,-113,-111,-108,-105,-101,-96,-93,-91,-92,-94,-96,-99,-102,-107,-111,-105,-95,-89,-85,-81,-78,-75,-72,-68,-64,-61,-58,-55,-52,-47,-38,-29,-18,-11,-7,-3,0,5,10,15,19,22,26,31,37,41,43,41,38,35,32,29,24,20,19,23,30,36,45,49,50,53,57,55,43,38,35,32,29,27,25,23,21,20,20,20,21,22,24,26,28,30,32,34,36,38,39,41,42,44,46,47,48,48,48,47,46,45,43,41,39,37,36,34,32,28,23,21,23,28,33,35,36,38,41,44,46,47,48,48,47,46,44,41,37,33,29,26,23,19,15,11,8,6,6,7,9,10,11,12,13,15,16,16,16,16,16,17,18,20,21,22,22,23,24,25,26,27,28,28,29,32,36,40,40,35,27,18,6,2,-1,-4,-6,-2,8,20,35,46,54,61,65,65,60,52,44,33,26,21,16,12,9,9,11,13,17,21,19,7,0,-4,-8,-12,-14,-16,-18,-19,-21,-22,-24,-25,-27,-29,-31,-33,-35,-37,-39,-39,-40,-41,-43,-44,-45,-49,-51,-50,-44,-36,-29,-22,-16,-14,-15,-18,-25,-45,-82,-133,-204,-297,-410,-536,-662,-774,-860,-894,-858,-744,-565,-358,-164,-16,74,99,108,111,106,94,77,52,35,25,16,9,0,-10,-18,-21,-24,-27,-29,-31,-32,-33,-33,-33,-33,-31,-29,-25,-22,-19,-16,-13,-10,-6,-2,0,0,-1,-4,-7,-10,-12,-14,-16,-18,-20,-21,-22,-23,-23,-22,-21,-20,-18,-16,-13,-10,-6,-4,-6,-11,-18,-24,-30,-36,-43,-50,-57,-62,-66,-71,-74,-78,-81,-84,-86,-89,-93,-97,-101,-104,-109,-114,-118,-122,-125,-127,-128,-130,-131,-132,-134,-135,-136,-136,-136,-134,-131,-127,-122,-117,-112,-106,-99,-92,-85,-78,-72,-69,-67,-65,-63,-62,-61,-61,-59,-58,-55,-52,-49,-47,-44,-42,-40,-38,-35,-32,-29,-25,-19,-14,-9,-5,-2,0,3,5,8,10,12,13,15,17,19,21,23,25,28,32,36,48,62,65,67,69,71,72,72,70,68,65,62,60,57,53,50,47,47,47,47,47,46,46,47,47,47,47,46,45,46,49,53,57,60,63,66,70,72,73,71,66,61,56,53,50,47,43,40,38,36,37,38,40,42,44,46,48,50,54,57,59,60,58,55,51,47,45,43,41,39,38,36,35,34,33,33,33,34,35,36,37,39,42,44,46,48,54,52,37,26,17,10,4,2,0,0,-2,-6,-4,7,12,14,17,19,20,22,23,25,27,28,29,29,30,30,29,28,26,24,22,19,17,15,13,11,10,9,8,7,5,3,1,-1,-3,-5,-7,-10,-12,-16,-20,-26,-39,-50,-58,-63,-68,-72,-76,-81,-87,-95,-94,-82,-69,-55,-42,-29,-15,4,17,26,34,39,42,43,43,43,43,43,45,47,47,47,45,42,39,37,35,32,29,27,28,31,36,42,46,51,55,60,63,67,69,70,71,72,74,76,80,81,77,64,32,-11,-74,-155,-252,-362,-483,-607,-719,-801,-812,-785,-661,-482,-281,-93,56,156,199,213,196,146,83,40,25,25,42,70,88,94,97,83,62,38,13,-6,-12,-15,-19,-22,-25,-26,-27,-27,-27,-25,-23,-20,-15,-10,-5,0,4,14,23,25,26,26,27,27,28,29,30,30,30,29,28,26,24,21,17,12,8,4,0,-4,-8,-13,-19,-24,-30,-34,-38,-42,-46,-51,-55,-58,-62,-66,-70,-74,-77,-80,-83,-84,-86,-88,-90,-92,-94,-96,-97,-99,-100,-102,-103,-103,-103,-101,-100,-98,-97,-96,-94,-92,-90,-89,-88,-87,-86,-85,-83,-81,-80,-78,-76,-73,-68,-64,-59,-55,-51,-46,-40,-36,-33,-31,-30,-28,-26,-23,-21,-19,-17,-15,-13,-11,-10,-9,-9,-9,-9,-8,-7,-6,-4,-3,0,1,4,7,10,12,14,16,19,21,22,23,24,25,26,28,29,29,29,28,28,28,28,27,26,25,24,24,24,24,23,22,21,21,22,22,23,23,24,25,27,29,30,31,31,31,31,31,31,31,31,31,32,36,36,29,26,24,22,21,21,22,22,22,22,24,26,30,33,36,38,40,41,43,45,47,49,49,50,50,50,50,49,47,44,41,38,36,34,33,31,29,27,26,26,25,23,21,18,17,17,19,21,24,26,27,28,30,32,34,35,35,36,35,35,35,34,33,33,33,33,32,32,31,29,28,27,25,24,22,21,20,19,19,19,19,18,18,18,17,17,16,15,14,14,14,15,15,16,16,16,15,15,14,13,11,9,7,5,5,4,4,4,3,2,0,-1,-4,-7,-9,-12,-14,-16,-16,-16,-15,-13,-10,-8,-7,-7,-7,-7,-7,-7,-7,-7,-7,-6,-4,-2,0,2,4,5,7,9,10,11,11,11,12,13,15,17,20,23,26,28,30,31,32,32,32,33,33,35,36,39,45,43,24,-4,-39,-93,-155,-224,-298,-388,-498,-626,-753,-844,-855,-822,-680,-480,-265,-73,67,149,173,179,184,184,170,128,76,49,32,21,16,23,35,40,44,47,50,53,55,57,60,62,63,64,65,65,65,64,63,61,60,58,56,54,52,50,49,48,46,45,44,43,42,42,41,41,40,39,38,38,38,39,38,37,37,36,36,35,34,31,28,25,22,19,16,10,2,-4,-10,-15,-20,-26,-32,-39,-46,-52,-58,-64,-71,-76,-80,-84,-87,-90,-92,-96,-99,-103,-106,-108,-111,-115,-119,-126,-133,-138,-142,-144,-147,-150,-153,-155,-156,-155,-151,-146,-141,-134,-127,-117,-107,-98,-90,-86,-83,-80,-77,-74,-72,-70,-68,-65,-63,-61,-59,-58,-56,-55,-54,-53,-52,-52,-51,-51,-50,-49,-48,-46,-45,-44,-42,-41,-40,-39,-37,-35,-34,-32,-30,-28,-24,-14,-8,-9,-9,-10,-9,-9,-8,-7,-8,-11,-15,-18,-21,-23,-27,-30,-32,-34,-35,-35,-35,-33,-31,-28,-24,-20,-17,-14,-11,-5,0,4,6,6,6,5,6,6,6,6,5,4,4,3,3,3,3,4,6,10,14,18,22,25,27,31,36,40,44,47,48,49,50,51,52,53,53,52,52,54,53,42,34,28,22,17,13,9,3,-3,-4,2,6,9,12,14,15,15,14,13,12,11,10,9,8,6,4,3,3,3,3,3,4,5,7,10,13,16,19,20,22,24,26,28,30,30,29,28,27,27,26,25,25,23,21,20,19,19,19,20,20,20,20,21,22,23,24,24,23,21,20,19,18,17,16,15,14,13,13,13,13,13,13,13,14,15,16,16,17,18,19,19,19,19,19,19,18,17,17,16,15,15,15,15,15,15,14,14,14,14,13,12,10,8,7,6,5,4,2,0,0,0,0,0,0,-1,-2,-3,-3,-3,-4,-6,-8,-9,-10,-10,-10,-10,-9,-8,-4,0,4,9,12,16,22,29,35,40,44,47,50,52,55,58,60,62,64,66,69,71,73,75,77,79,82,87,95,101,102,95,83,63,33,-13,-78,-159,-259,-379,-515,-659,-787,-852,-847,-758,-565,-335,-121,38,128,155,163,147,118,97,92,88,86,84,83,84,85,88,91,94,98,102,107,112,116,117,114,107,99,91,82,72,62,57,54,53,51,50,48,46,45,45,45,47,48,50,53,55,59,62,64,63,58,50,42,34,24,16,11,9,7,4,0,0,7,12,17,20,23,23,18,11,4,0,-4,-8,-12,-17,-22,-28,-33,-39,-45,-51,-59,-70,-85,-97,-102,-105,-108,-110,-113,-115,-118,-119,-120,-121,-121,-120,-118,-115,-110,-105,-100,-95,-91,-87,-84,-81,-79,-78,-77,-76,-75,-73,-71,-70,-69,-67,-66,-63,-60,-58,-56,-54,-53,-50,-47,-44,-41,-39,-38,-36,-34,-31,-29,-27,-26,-25,-23,-21,-19,-16,-15,-13,-12,-11,-10,-9,-9,-10,-11,-11,-11,-10,-9,-8,-6,-5,-3,-1,0,2,3,4,5,5,6,7,7,8,8,8,8,8,8,7,7,6,6,7,8,8,9,10,11,11,12,14,14,15,17,19,22,25,28,32,35,39,42,45,47,49,50,51,52,52,52,52,52,50,49,47,45,43,41,39,37,35,34,33,33,33,33,32,30,29,27,26,25,25,24,24,24,25,26,27,28,27,27,26,25,23,22,19,17,16,15,15,15,14,13,13,12,12,12,11,10,8,7,7,7,7,7,7,7,8,9,11,12,13,14,14,14,14,14,14,15,15,16,17,19,20,21,21,21,21,20,19,17,15,12,9,7,5,3,1,0,-2,-5,-8,-11,-14,-18,-21,-24,-26,-28,-29,-30,-31,-32,-32,-32,-32,-32,-31,-31,-31,-30,-28,-27,-26,-25,-24,-23,-23,-22,-22,-21,-20,-19,-17,-16,-14,-12,-10,-8,-5,-1,1,5,9,14,16,13,6,0,-6,-13,-19,-22,-22,-18,-11,-3,2,10,18,24,27,26,21,13,0,-41,-100,-173,-262,-367,-484,-606,-722,-807,-836,-810,-729,-554,-344,-146,8,110,160,177,183,173,158,151,147,144,141,139,138,136,133,129,125,121,118,115,113,111,109,106,104,102,100,97,93,88,84,81,80,80,82,83,86,89,92,96,101,105,105,101,92,81,65,43,36,33,31,28,26,24,23,22,20,17,14,10,7,4,2,0,-4,-8,-12,-16,-19,-22,-26,-30,-33,-36,-38,-41,-45,-50,-57,-65,-72,-79,-88,-100,-117,-131,-140,-146,-151,-155,-156,-155,-152,-149,-145,-143,-142,-140,-138,-135,-132,-129,-126,-123,-120,-116,-113,-110,-108,-106,-102,-98,-94,-89,-86,-83,-81,-78,-75,-72,-69,-68,-66,-63,-61,-57,-54,-51,-48,-46,-43,-40,-37,-34,-32,-29,-27,-24,-22,-20,-19,-19,-19,-20,-21,-23,-24,-26,-28,-30,-32,-33,-32,-28,-24,-20,-17,-14,-11,-7,-5,-3,-4,-6,-10,-14,-18,-21,-24,-27,-30,-33,-36,-37,-38,-38,-36,-34,-31,-27,-22,-17,-12,-7,-3,3,10,16,22,25,27,28,28,29,29,29,29,29,29,29,29,29,29,29,29,29,28,27,25,24,22,20,19,18,17,16,16,15,14,14,15,17,21,24,27,30,34,38,43,47,49,48,47,45,42,40,36,28,25,27,28,30,32,33,32,29,24,20,17,12,6,3,4,9,15,25,38,44,48,51,54,58,60,60,59,57,56,55,52,50,54,60,63,64,66,69,70,72,73,75,76,77,77,77,75,74,72,69,67,63,59,55,51,46,35,27,20,18,16,15,14,13,12,10,9,9,8,8,8,8,8,9,9,10,10,11,12,14,16,18,20,23,25,27,29,32,34,36,38,40,44,48,52,56,58,58,56,53,50,46,42,38,33,27,21,18,17,18,21,25,29,34,41,46,42,29,-7,-44,-88,-142,-207,-288,-391,-520,-665,-798,-873,-872,-796,-605,-364,-138,26,99,123,118,114,111,110,107,100,88,67,40,26,15,15,28,46,62,66,68,70,71,67,60,56,52,48,45,44,45,48,51,54,56,59,62,66,69,71,71,69,66,64,62,60,57,55,53,51,49,47,45,42,38,34,31,28,26,22,18,14,10,7,5,3,0,-1,-4,-7,-10,-13,-17,-21,-27,-33,-39,-43,-46,-49,-52,-55,-57,-60,-63,-66,-69,-73,-76,-80,-83,-87,-91,-95,-98,-102,-105,-107,-110,-112,-114,-117,-121,-130,-129,-117,-108,-101,-94,-87,-78,-69,-63,-57,-52,-47,-44,-41,-39,-37,-35,-33,-30,-28,-27,-26,-24,-22,-20,-18,-17,-16,-16,-16,-17,-17,-17,-18,-18,-18,-17,-16,-15,-15,-14,-13,-12,-12,-12,-12,-13,-13,-13,-11,-10,-9,-8,-8,-7,-6,-5,-4,-4,-4,-4,-3,-2,-2,-2,-2,-3,-5,-7,-9,-10,-12,-14,-16,-17,-19,-20,-21,-21,-21,-21,-21,-20,-20,-19,-17,-15,-13,-11,-8,-5,-3,0,1,4,6,8,9,11,13,14,16,17,19,20,21,22,22,22,22,22,22,22,22,22,21,20,18,16,15,14,12,11,8,6,4,2,0,-1,-3,-7,-11,-14,-17,-19,-20,-19,-17,-13,-9,-4,0,2,4,6,8,11,14,16,18,20,22,24,25,26,26,26,26,25,26,26,27,27,27,28,30,31,32,32,33,35,39,44,46,44,39,33,30,27,24,21,19,19,22,26,31,36,39,43,48,52,55,57,54,49,43,36,30,25,20,15,10,5,1,0,-2,-4,-4,-3,-2,1,4,9,12,16,19,22,26,30,34,37,39,40,40,40,38,35,32,28,23,14,9,14,25,30,36,41,46,48,48,46,44,41,38,36,33,29,26,24,23,25,27,30,33,37,44,50,51,44,32,14,-17,-77,-157,-260,-387,-530,-677,-804,-869,-868,-794,-629,-418,-201,-14,117,169,188,189,180,167,146,122,105,95,89,85,82,79,75,72,69,66,63,61,60,60,59,59,58,58,58,58,57,56,55,54,53,53,52,51,49,46,45,43,41,39,37,35,32,29,26,24,21,18,16,13,11,9,7,6,5,3,2,2,1,0,0,-2,-4,-7,-10,-16,-30,-41,-46,-49,-51,-52,-54,-56,-59,-62,-67,-72,-77,-83,-88,-94,-100,-107,-116,-124,-131,-134,-137,-139,-141,-142,-143,-144,-145,-146,-147,-148,-149,-148,-145,-142,-138,-134,-130,-125,-120,-115,-109,-102,-95,-89,-84,-81,-78,-76,-75,-74,-72,-70,-69,-67,-66,-64,-62,-60,-58,-56,-55,-54,-52,-51,-50,-50,-50,-50,-49,-48,-46,-44,-42,-40,-38,-36,-35,-33,-33,-33,-34,-34,-35,-36,-36,-36,-35,-34,-34,-33,-32,-31,-31,-32,-34,-35,-37,-38,-39,-39,-39,-39,-39,-38,-37,-35,-33,-32,-31,-31,-31,-31,-30,-28,-27,-27,-26,-25,-24,-21,-19,-16,-14,-12,-11,-9,-8,-7,-6,-5,-3,-1,0,4,7,9,11,13,16,18,19,19,18,17,15,13,12,11,9,7,5,3,0,-4,-8,-8,-6,-1,5,13,28,40,47,54,60,62,58,50,41,37,34,32,30,27,25,22,20,18,16,15,14,14,14,16,17,19,20,22,23,25,26,27,29,30,31,32,34,35,37,38,39,40,42,44,47,49,51,52,53,55,56,57,58,59,61,62,64,66,67,69,71,73,75,77,78,78,79,79,80,79,79,78,77,77,77,78,80,83,90,94,92,86,84,82,80,77,75,73,71,70,68,68,68,70,72,75,78,81,84,87,92,103,126,140,149,153,148,136,104,60,0,-77,-171,-277,-391,-514,-636,-734,-749,-727,-587,-376,-146,48,171,194,200,204,205,203,197,188,175,157,143,137,133,129,124,121,119,118,117,116,115,115,114,114,115,115,115,115,114,112,111,110,109,109,109,109,110,110,111,110,110,108,107,105,103,100,97,95,92,89,86,83,77,61,51,44,40,37,34,32,30,28,27,25,23,20,17,13,9,5,0,-8,-19,-30,-42,-59,-79,-83,-86,-88,-90,-91,-92,-93,-95,-99,-102,-106,-110,-113,-118,-123,-127,-129,-128,-126,-122,-119,-116,-114,-110,-106,-100,-93,-87,-82,-78,-75,-72,-69,-66,-64,-61,-59,-56,-53,-51,-48,-45,-43,-39,-34,-28,-23,-17,-12,-7,-1,3,7,6,1,-6,-14,-19,-24,-29,-34,-38,-40,-39,-35,-30,-24,-18,-13,-6,0,6,10,12,14,15,17,19,9,1,-3,-8,-13,-20,-26,-31,-34,-37,-41,-43,-45,-46,-46,-46,-45,-45,-45,-43,-42,-39,-38,-37,-36,-36,-35,-35,-34,-33,-33,-33,-33,-33,-33,-33,-33,-32,-32,-32,-31,-30,-30,-29,-28,-26,-25,-24,-23,-22,-21,-20,-20,-19,-19,-18,-18,-17,-16,-15,-14,-14,-13,-12,-11,-10,-9,-8,-8,-7,-5,-4,-2,-1,0,0,1,2,4,7,9,10,12,14,15,17,18,20,21,23,25,28,31,34,36,34,31,26,20,10,-3,-4,-5,-5,-6,-6,-2,3,7,10,14,17,19,18,15,11,7,4,2,0,-2,-4,-7,-9,-11,-13,-15,-15,-16,-16,-15,-15,-15,-14,-14,-13,-13,-12,-11,-10,-9,-8,-6,-4,-2,-1,0,0,1,3,4,4,4,4,4,4,3,1,-1,-4,-8,-11,-15,-22,-27,-23,-14,-6,1,9,17,23,29,33,37,41,45,48,51,55,61,70,70,57,38,11,-35,-103,-190,-290,-400,-516,-633,-743,-825,-837,-811,-680,-483,-265,-67,82,169,194,193,161,120,89,79,74,73,76,80,83,86,88,89,90,88,84,79,74,70,63,56,52,49,47,42,37,54,66,74,80,84,85,83,78,73,67,61,51,44,41,39,37,36,35,34,32,29,28,27,25,24,21,19,17,15,14,11,6,2,0,-1,0,2,4,6,8,11,15,18,18,16,10,3,-7,-30,-43,-50,-56,-61,-63,-64,-64,-62,-61,-59,-57,-54,-51,-51,-58,-67,-74,-82,-89,-92,-89,-83,-76,-72,-69,-66,-63,-59,-56,-52,-48,-45,-41,-37,-33,-28,-23,-15,-8,-3,2,7,10,13,16,19,21,23,23,22,20,18,16,14,13,11,9,7,4,3,1,1,1,2,3,3,4,6,7,9,11,12,13,15,18,24,28,24,16,8,1,-4,-8,-11,-15,-21,-23,-18,-15,-12,-9,-7,-6,-6,-8,-9,-10,-11,-12,-14,-16,-18,-20,-20,-19,-19,-19,-19,-20,-20,-19,-18,-17,-16,-17,-20,-23,-26,-28,-30,-33,-36,-38,-38,-37,-34,-31,-28,-24,-20,-16,-8,-2,0,0,1,1,3,5,6,7,7,7,6,5,4,3,2,2,2,3,3,4,4,2,0,-3,-4,-6,-7,-9,-11,-13,-15,-16,-17,-17,-17,-17,-17,-16,-15,-14,-13,-11,-10,-10,-9,-9,-8,-7,-6,-4,-3,-2,-1,2,5,-1,-12,-21,-29,-36,-41,-45,-49,-51,-53,-55,-58,-60,-61,-62,-61,-59,-58,-56,-54,-53,-50,-48,-46,-43,-40,-36,-32,-27,-22,-19,-22,-27,-33,-38,-44,-48,-48,-39,-29,-23,-19,-16,-12,-9,-6,-3,0,3,5,7,9,12,14,17,21,30,39,48,56,65,71,72,68,59,33,-3,-46,-99,-167,-253,-358,-480,-607,-722,-801,-809,-770,-619,-406,-182,7,139,201,224,224,211,192,167,146,130,117,110,106,102,99,96,95,97,100,103,107,110,113,118,123,127,129,127,122,117,112,108,104,99,94,89,87,87,88,89,90,91,92,95,98,100,100,97,91,85,81,78,75,71,67,63,59,56,54,53,51,50,48,46,44,39,35,32,31,31,33,35,37,40,43,42,35,27,22,18,14,11,7,3,-1,-6,-12,-20,-32,-53,-67,-74,-79,-84,-87,-90,-91,-91,-91,-90,-89,-87,-84,-81,-78,-76,-74,-72,-68,-63,-57,-54,-53,-54,-56,-59,-62,-65,-73,-79,-80,-72,-61,-56,-52,-48,-45,-42,-37,-33,-29,-25,-22,-19,-17,-15,-13,-12,-11,-11,-10,-9,-7,-6,-5,-4,-3,-3,-2,-2,-1,0,0,0,0,1,2,2,3,3,3,3,4,5,6,8,13,18,21,21,19,16,14,9,5,5,11,17,20,21,23,25,26,28,30,31,32,32,31,30,29,27,27,26,26,26,26,25,26,27,28,30,31,31,30,30,30,30,31,32,34,36,43,49,51,49,46,44,42,39,37,35,34,32,30,29,28,28,29,30,31,30,29,28,30,37,47,56,62,67,73,79,83,84,80,74,67,62,59,57,55,52,50,47,45,44,43,42,41,39,38,37,37,37,37,37,36,36,35,34,34,33,31,30,28,27,25,23,21,18,15,12,9,6,2,0,-4,-8,-13,-19,-31,-42,-44,-44,-45,-46,-46,-47,-47,-46,-41,-34,-28,-23,-17,-11,-6,-3,0,1,2,3,4,5,6,6,2,-4,-11,-18,-23,-28,-33,-38,-42,-45,-46,-45,-43,-40,-38,-35,-33,-30,-27,-23,-20,-16,-13,-11,-9,-7,-7,-7,-8,-10,-13,-16,-20,-26,-33,-61,-111,-182,-276,-388,-511,-638,-760,-841,-869,-836,-733,-545,-331,-132,19,113,144,155,153,136,111,81,71,67,63,60,58,57,55,54,53,51,50,50,50,51,53,54,54,56,58,60,63,65,66,67,69,70,71,72,72,72,72,73,75,78,79,80,80,80,79,79,78,76,73,70,67,66,65,65,65,64,63,62,60,59,57,54,51,47,44,40,36,32,27,19,10,2,-4,-11,-17,-22,-27,-32,-36,-40,-44,-48,-52,-57,-62,-67,-73,-78,-83,-88,-94,-99,-105,-108,-108,-106,-102,-97,-92,-88,-85,-81,-77,-72,-68,-65,-62,-59,-55,-52,-48,-45,-43,-40,-37,-32,-25,-20,-16,-13,-11,-9,-8,-7,-6,-6,-7,-6,-5,-3,0,0,2,3,5,7,9,11,13,16,19,23,27,31,35,38,41,43,44,43,41,39,35,31,26,21,15,5,-5,-10,-9,-6,-2,0,4,8,11,11,9,5,2,1,0,0,-1,-4,-6,-9,-10,-11,-11,-11,-11,-10,-9,-7,-6,-5,-5,-5,-5,-6,-6,-6,-5,-5,-4,-3,-2,-1,-1,-1,-1,-2,-2,-3,-5,-6,-8,-10,-10,-11,-11,-11,-11,-11,-10,-10,-10,-10,-11,-11,-11,-12,-12,-13,-14,-15,-15,-15,-14,-13,-13,-13,-13,-13,-14,-15,-16,-16,-16,-16,-16,-16,-16,-16,-15,-14,-13,-13,-14,-13,-12,-10,-8,-7,-8,-10,-13,-14,-15,-15,-17,-18,-19,-20,-21,-22,-23,-24,-26,-27,-27,-27,-28,-29,-31,-32,-32,-32,-31,-31,-30,-30,-29,-29,-29,-30,-31,-32,-32,-31,-27,-22,-19,-19,-23,-26,-28,-31,-34,-38,-40,-39,-35,-28,-21,-16,-11,-7,-3,0,4,6,6,5,3,2,0,-1,-3,-6,-10,-13,-16,-15,-11,-6,-1,5,16,15,0,-42,-91,-148,-220,-309,-414,-529,-645,-746,-802,-820,-786,-685,-512,-310,-119,29,127,166,180,177,152,114,78,64,56,51,47,44,41,38,35,34,33,33,33,32,31,30,28,27,25,24,23,22,22,23,24,24,24,23,22,20,17,13,9,7,7,6,6,6,7,8,9,7,3,-2,-7,-10,-13,-16,-19,-21,-23,-25,-26,-27,-29,-31,-33,-35,-36,-38,-40,-42,-45,-48,-51,-55,-59,-64,-70,-81,-94,-104,-113,-120,-125,-129,-132,-136,-139,-142,-144,-147,-149,-151,-153,-155,-157,-159,-161,-165,-170,-174,-177,-180,-185,-192,-190,-175,-162,-152,-144,-137,-131,-127,-124,-121,-118,-115,-112,-108,-105,-101,-97,-93,-90,-85,-80,-76,-73,-69,-65,-63,-61,-59,-57,-56,-54,-53,-53,-52,-51,-49,-48,-46,-45,-43,-41,-38,-35,-32,-29,-26,-22,-17,-12,-7,-3,0,4,8,13,21,29,38,48,59,71,84,97,112,129,145,155,163,168,171,170,170,171,171,171,172,172,167,161,157,154,151,148,145,142,139,135,132,128,124,120,117,115,113,110,107,104,102,99,98,96,93,91,89,87,86,86,85,84,83,83,82,82,81,79,75,72,70,69,69,70,70,71,73,77,80,78,74,73,72,71,71,70,69,67,65,64,62,61,59,58,57,55,54,53,51,48,45,41,38,36,35,35,36,38,40,43,47,50,51,48,44,40,36,33,33,38,45,54,66,71,77,82,80,62,48,36,25,18,14,11,8,5,1,-1,-5,-8,-10,-11,-14,-16,-19,-19,-17,-11,-4,1,5,9,15,20,24,26,26,24,22,18,13,8,1,-10,-18,-23,-27,-32,-34,-28,-17,-8,-1,5,9,10,6,0,-7,-15,-27,-34,-30,-20,-6,13,26,34,34,25,1,-39,-96,-168,-250,-342,-449,-566,-689,-805,-883,-889,-840,-685,-479,-266,-81,47,95,111,91,58,35,32,30,29,28,27,26,25,23,22,21,21,22,24,26,28,29,30,31,33,34,35,36,37,39,41,42,41,35,27,21,17,13,10,6,2,0,-2,-4,-6,-7,-6,-6,-4,-3,-2,0,1,3,6,8,10,12,19,23,17,5,-6,-19,-29,-37,-41,-44,-46,-47,-49,-52,-54,-57,-60,-63,-66,-70,-74,-79,-83,-88,-95,-103,-111,-115,-118,-119,-120,-119,-119,-119,-119,-119,-119,-118,-117,-117,-117,-117,-116,-115,-113,-111,-108,-106,-103,-100,-97,-94,-91,-88,-85,-81,-77,-73,-68,-63,-57,-48,-39,-33,-30,-27,-25,-23,-21,-19,-17,-15,-13,-10,-4,1,6,11,14,16,18,20,23,26,28,30,31,33,36,38,39,39,39,39,40,40,41,42,42,43,43,43,44,44,44,44,44,44,44,45,45,46,48,50,51,53,53,54,55,56,56,56,56,56,56,56,57,58,58,58,57,58,58,59,59,59,59,58,59,59,60,59,58,57,55,55,55,55,56,56,56,56,57,57,58,58,57,55,52,51,49,47,45,43,40,38,37,37,37,36,35,34,33,32,31,31,30,28,28,29,31,33,34,34,34,34,34,34,34,34,33,32,32,32,32,32,32,32,33,33,33,32,31,29,27,25,24,22,21,20,18,17,15,13,11,8,4,-1,-8,-14,-19,-22,-24,-26,-28,-29,-31,-33,-35,-39,-42,-44,-43,-39,-33,-28,-24,-20,-17,-13,-9,-5,-2,0,1,2,3,5,6,7,10,16,19,10,-4,-13,-21,-28,-33,-36,-37,-37,-36,-34,-32,-29,-27,-25,-22,-19,-16,-13,-10,-6,-3,-1,1,3,6,10,17,21,14,-2,-46,-106,-179,-261,-346,-434,-526,-621,-708,-764,-766,-720,-584,-396,-202,-39,67,125,147,159,167,149,120,80,63,59,56,52,49,46,44,41,39,37,36,35,35,36,37,38,38,38,38,38,38,38,38,38,38,38,38,37,36,36,35,35,35,34,33,33,33,34,35,35,35,35,35,34,33,31,29,26,24,22,21,20,18,15,13,11,8,2,-6,-15,-23,-28,-33,-37,-41,-45,-50,-54,-58,-62,-65,-68,-71,-74,-76,-77,-79,-81,-84,-86,-88,-89,-90,-91,-93,-94,-95,-96,-97,-98,-102,-106,-105,-98,-90,-85,-81,-78,-75,-72,-69,-65,-62,-59,-55,-52,-48,-45,-41,-37,-32,-30,-28,-27,-26,-26,-24,-21,-20,-23,-28,-32,-20,-11,-6,-1,2,6,10,14,17,21,24,28,31,33,32,28,24,19,15,11,7,4,1,0,-1,-2,-3,-4,-4,-4,-4,-3,-2,-1,-1,0,0,2,3,5,6,7,7,6,4,1,-2,-6,-11,-18,-29,-36,-39,-42,-45,-47,-47,-39,-29,-18,-5,2,7,13,19,23,19,9,-2,-16,-22,-25,-28,-31,-32,-31,-28,-24,-22,-20,-18,-16,-15,-14,-13,-12,-12,-13,-14,-16,-18,-21,-23,-25,-26,-28,-30,-33,-35,-37,-36,-33,-28,-23,-18,-13,-6,0,4,6,7,8,9,12,14,14,9,2,-2,-8,-12,-14,-12,-7,-3,0,6,12,15,14,8,0,-9,-15,-23,-31,-37,-39,-41,-41,-41,-42,-43,-44,-45,-42,-33,-25,-19,-15,-12,-8,-5,-3,0,0,0,-2,-4,-7,-9,-12,-14,-17,-21,-26,-29,-30,-28,-23,-17,-11,-5,0,7,14,18,22,26,29,32,36,39,43,47,50,55,61,69,74,71,61,34,-1,-49,-112,-188,-276,-377,-487,-596,-693,-766,-774,-740,-593,-380,-141,74,231,302,325,309,262,223,214,208,204,199,196,192,189,184,177,171,168,169,172,176,179,182,185,186,186,183,177,172,168,165,161,157,153,151,151,153,156,161,166,171,175,180,185,190,192,193,192,190,187,183,177,169,155,143,133,124,115,105,92,78,67,62,59,57,56,54,53,52,50,47,45,43,40,38,34,29,21,8,-3,-15,-21,-27,-32,-37,-41,-44,-46,-48,-50,-51,-52,-53,-53,-54,-56,-59,-61,-64,-64,-63,-62,-60,-59,-56,-52,-45,-52,-58,-63,-67,-70,-70,-68,-63,-58,-55,-53,-51,-49,-46,-43,-42,-42,-41,-39,-37,-34,-32,-31,-31,-31,-31,-29,-29,-28,-28,-27,-23,-19,-15,-12,-12,-15,-17,-20,-23,-29,-33,-31,-25,-21,-17,-12,-9,-9,-14,-21,-28,-32,-37,-42,-47,-51,-53,-53,-50,-45,-39,-34,-28,-18,-9,-7,-13,-23,-32,-42,-52,-58,-63,-70,-80,-80,-68,-60,-55,-50,-45,-42,-42,-44,-45,-47,-49,-51,-54,-57,-61,-63,-61,-58,-55,-52,-50,-48,-45,-41,-38,-35,-34,-33,-33,-34,-35,-37,-39,-42,-44,-46,-49,-51,-54,-56,-58,-60,-64,-67,-71,-72,-71,-67,-62,-57,-52,-49,-47,-44,-42,-39,-38,-36,-35,-33,-31,-29,-27,-25,-23,-21,-20,-19,-18,-18,-18,-18,-17,-16,-15,-14,-12,-9,-6,-3,0,1,3,6,9,12,15,17,20,23,28,33,38,42,45,48,50,51,53,55,56,57,59,61,65,68,71,74,76,77,77,78,78,79,79,80,81,82,84,86,87,86,83,79,76,72,69,65,60,56,54,55,60,65,70,75,80,86,90,92,90,84,75,67,57,43,32,31,39,50,61,73,82,82,77,68,43,-5,-69,-150,-248,-359,-478,-594,-697,-761,-764,-714,-559,-344,-120,68,191,218,227,231,230,223,211,193,160,136,121,111,104,97,93,89,87,84,82,81,83,88,94,100,106,110,116,123,129,133,133,129,123,115,106,98,88,77,68,62,57,53,51,48,46,43,41,40,40,39,38,36,33,30,27,24,21,19,16,14,11,9,7,6,4,2,0,-2,-5,-8,-11,-14,-17,-19,-22,-25,-28,-31,-36,-41,-49,-57,-64,-69,-74,-79,-82,-85,-88,-91,-95,-98,-101,-105,-108,-110,-111,-110,-108,-104,-100,-95,-91,-87,-82,-79,-76,-75,-74,-72,-70,-68,-65,-62,-57,-53,-48,-43,-39,-36,-34,-32,-30,-28,-27,-25,-24,-23,-21,-19,-17,-13,-10,-7,-5,-3,-2,0,0,1,2,2,2,1,2,2,2,2,1,0,0,-2,-4,-5,-7,-9,-11,-13,-14,-14,-15,-15,-16,-15,-15,-15,-15,-16,-17,-17,-18,-18,-18,-18,-19,-19,-19,-19,-19,-19,-19,-19,-19,-19,-20,-20,-22,-23,-25,-26,-26,-27,-27,-27,-27,-26,-25,-24,-22,-21,-19,-19,-18,-18,-17,-17,-15,-15,-15,-15,-15,-14,-13,-12,-13,-16,-21,-27,-32,-36,-40,-46,-50,-54,-55,-51,-45,-38,-31,-26,-22,-19,-15,-12,-10,-8,-7,-6,-4,-2,0,1,2,4,6,7,8,9,10,10,10,9,9,7,6,5,4,4,4,3,3,2,0,-1,-3,-5,-8,-11,-14,-17,-20,-22,-23,-24,-27,-30,-34,-37,-38,-36,-32,-26,-22,-17,-14,-10,-5,0,4,7,10,13,16,17,17,15,12,8,6,4,2,0,-1,-4,-7,-9,-14,-20,-25,-26,-23,-16,-6,7,28,49,59,67,73,79,84,86,85,83,78,70,60,47,21,-25,-96,-179,-277,-389,-510,-636,-753,-822,-826,-773,-632,-434,-222,-36,97,170,195,195,174,144,102,79,70,62,57,54,51,50,49,48,47,47,48,49,50,51,52,53,55,56,58,59,60,61,61,60,59,56,53,50,48,46,44,41,38,35,34,33,33,32,31,30,29,29,29,28,27,26,24,24,24,24,23,22,20,18,16,16,15,13,10,7,4,1,-1,-4,-8,-13,-18,-23,-27,-30,-33,-36,-39,-41,-44,-46,-49,-52,-56,-61,-66,-71,-77,-82,-88,-92,-96,-100,-104,-106,-108,-109,-110,-110,-108,-105,-101,-96,-90,-86,-82,-79,-77,-74,-72,-70,-68,-66,-63,-60,-57,-53,-50,-48,-46,-43,-40,-37,-35,-32,-30,-28,-26,-23,-20,-18,-15,-13,-11,-8,-5,-2,0,2,3,5,7,8,10,11,14,17,22,29,37,40,38,34,30,26,22,17,13,10,9,7,6,4,2,1,2,3,6,10,13,16,18,20,22,24,24,25,27,29,32,35,38,41,43,46,49,53,57,61,68,75,81,85,87,88,89,90,91,91,92,92,93,93,93,92,91,90,87,84,80,76,73,70,69,67,66,66,65,65,66,66,66,66,65,65,66,66,66,67,67,67,68,68,68,67,65,64,63,61,59,56,54,51,48,47,45,43,42,41,39,37,34,32,29,27,24,22,20,18,17,16,16,15,15,15,15,15,14,12,11,9,8,6,5,3,2,1,0,0,-1,-3,-4,-6,-9,-11,-15,-18,-22,-29,-44,-53,-58,-63,-67,-70,-69,-64,-56,-50,-47,-45,-43,-41,-38,-36,-34,-33,-31,-30,-27,-25,-24,-23,-22,-21,-20,-18,-16,-15,-15,-14,-13,-11,-8,-5,-2,0,4,8,13,17,22,27,32,38,46,60,72,73,69,60,35,-15,-77,-145,-223,-315,-426,-559,-703,-829,-880,-869,-759,-552,-306,-79,85,157,181,165,137,104,74,56,58,59,60,61,61,62,64,67,70,72,74,76,78,81,83,82,80,76,71,67,64,60,55,51,47,45,46,47,49,50,52,54,57,60,62,63,61,56,51,46,42,38,34,30,26,22,17,13,8,4,0,-4,-8,-11,-14,-17,-19,-21,-23,-25,-27,-29,-30,-32,-33,-33,-34,-35,-35,-35,-36,-37,-38,-41,-48,-56,-67,-80,-94,-106,-114,-119,-123,-125,-126,-124,-121,-117,-114,-112,-111,-110,-108,-107,-105,-103,-100,-97,-94,-92,-90,-88,-87,-85,-83,-81,-78,-75,-71,-67,-64,-61,-56,-51,-41,-19,-5,1,5,8,9,8,5,0,-3,-8,-14,-19,-21,-19,-14,-10,-8,-5,-3,-1,0,0,1,3,4,5,5,5,4,3,3,3,3,3,2,1,0,-1,-3,-8,-8,-3,0,0,2,4,6,7,7,8,8,8,8,7,5,4,2,1,0,-1,-4,-9,-13,-14,-12,-10,-8,-6,-3,-2,-1,0,0,0,0,0,0,0,0,0,0,1,2,3,4,3,0,-4,-9,-13,-18,-23,-27,-29,-27,-24,-19,-15,-12,-10,-7,-4,-2,0,2,5,7,10,12,13,14,15,16,17,18,19,19,19,19,21,21,22,22,22,23,23,24,24,24,24,23,23,23,23,23,23,22,21,21,22,23,24,22,17,12,7,4,1,-1,-4,-7,-10,-12,-13,-13,-12,-12,-10,-8,-5,-1,2,6,11,20,26,31,35,38,41,41,37,28,19,14,9,4,0,-4,-7,-9,-10,-10,-9,-7,-4,-1,3,7,11,15,21,27,32,37,41,43,45,48,52,58,67,74,81,87,77,47,15,-22,-73,-135,-204,-283,-375,-481,-593,-695,-740,-731,-644,-474,-275,-86,64,160,217,230,233,227,190,149,109,89,82,80,77,75,74,72,71,71,71,72,72,72,72,72,71,70,69,69,69,70,71,72,72,72,72,72,71,67,64,65,66,67,68,68,69,68,68,69,69,69,67,65,61,57,53,48,41,28,20,16,14,12,12,11,9,7,5,3,1,-1,-4,-9,-15,-25,-33,-38,-44,-48,-54,-64,-77,-88,-99,-109,-113,-115,-117,-119,-123,-125,-122,-115,-111,-107,-104,-102,-101,-100,-98,-96,-93,-91,-89,-86,-80,-71,-80,-86,-90,-94,-97,-98,-96,-91,-85,-80,-78,-76,-73,-71,-68,-66,-64,-62,-61,-59,-59,-58,-58,-59,-59,-60,-60,-60,-60,-60,-60,-60,-60,-60,-61,-61,-61,-61,-61,-61,-61,-61,-61,-61,-61,-61,-61,-61,-60,-59,-58,-56,-54,-53,-53,-52,-51,-49,-46,-43,-41,-37,-34,-31,-30,-31,-34,-38,-42,-48,-52,-52,-44,-35,-32,-30,-28,-25,-22,-20,-18,-17,-16,-15,-14,-13,-12,-12,-12,-12,-11,-10,-9,-8,-8,-7,-6,-4,-2,-1,0,1,2,4,8,16,24,30,34,36,38,41,43,46,47,48,49,50,52,53,54,53,52,51,50,50,50,50,50,49,50,51,51,52,51,51,50,50,50,50,50,49,49,49,50,52,55,58,62,66,70,72,74,76,78,80,82,84,85,87,88,89,90,91,90,89,87,85,83,81,78,75,72,71,70,69,68,68,67,66,65,65,64,63,62,62,61,61,62,62,62,62,62,62,61,61,60,59,58,57,57,56,55,54,53,52,51,50,48,47,46,44,43,41,40,39,39,39,39,39,38,37,35,32,25,21,26,36,44,53,59,60,55,45,17,-29,-95,-174,-265,-371,-491,-624,-753,-844,-853,-809,-649,-432,-208,-21,102,146,161,146,120,98,88,80,76,80,89,97,105,110,109,100,91,86,82,77,73,70,66,64,63,61,60,59,58,58,59,59,60,61,60,60,60,59,60,60,62,64,66,69,73,77,77,72,64,54,41,26,19,16,13,10,8,7,6,6,5,4,2,0,-1,-2,-3,-4,-5,-8,-11,-14,-19,-28,-47,-62,-68,-71,-74,-77,-79,-81,-83,-84,-86,-87,-89,-91,-93,-95,-96,-97,-99,-101,-104,-107,-115,-130,-132,-134,-136,-137,-137,-132,-124,-110,-89,-75,-66,-62,-65,-70,-73,-77,-80,-83,-84,-83,-80,-76,-72,-67,-63,-56,-50,-45,-42,-40,-36,-32,-28,-27,-31,-37,-43,-49,-53,-53,-48,-40,-27,-11,-5,-2,0,2,3,5,5,6,6,5,3,0,-3,-6,-9,-12,-15,-20,-26,-29,-29,-24,-18,-13,-10,-8,-5,-2,0,1,2,3,3,3,3,2,1,0,-2,-5,-7,-10,-16,-20,-20,-12,-2,4,10,15,20,25,29,33,36,38,40,42,44,45,47,47,48,49,50,51,53,55,56,57,57,58,58,58,58,59,59,62,69,69,59,51,44,38,36,35,34,34,32,31,29,29,30,34,39,44,50,59,64,63,57,40,0,-61,-140,-234,-337,-444,-550,-650,-731,-764,-757,-688,-549,-371,-187,-30,80,149,176,185,184,169,146,115,96,82,76,79,85,91,98,97,81,71,62,55,50,50,53,58,63,66,71,76,78,77,73,70,69,68,68,68,67,65,63,61,59,57,54,52,50,48,46,44,42,38,34,29,25,22,19,17,14,12,10,8,7,6,5,3,2,2,1,0,-3,-7,-11,-15,-19,-24,-31,-39,-47,-56,-62,-68,-73,-78,-82,-87,-91,-95,-98,-101,-104,-109,-113,-117,-119,-115,-108,-98,-90,-85,-81,-78,-75,-71,-68,-65,-62,-60,-57,-54,-52,-51,-50,-49,-49,-48,-46,-43,-39,-27,-8,-1,2,5,8,11,13,16,18,19,21,21,22,23,23,24,23,23,23,23,24,25,26,26,26,26,26,26,25,24,23,22,22,21,22,23,23,21,16,12,11,10,9,8,7,6,5,5,5,5,5,6,7,7,8,8,7,7,6,5,4,3,2,1,0,0,-1,-1,-2,-3,-4,-5,-5,-6,-6,-8,-9,-11,-12,-12,-12,-13,-14,-14,-15,-15,-15,-15,-15,-16,-17,-18,-19,-20,-22,-28,-27,-14,-3,6,13,17,21,25,31,34,28,13,-4,-24,-27,-28,-29,-30,-31,-31,-31,-30,-28,-27,-25,-24,-22,-21,-20,-19,-19,-19,-21,-23,-26,-30,-33,-35,-39,-44,-48,-50,-49,-47,-44,-42,-40,-38,-36,-34,-32,-33,-37,-41,-45,-47,-49,-51,-53,-56,-58,-61,-62,-63,-63,-62,-61,-59,-57,-55,-52,-50,-49,-47,-46,-45,-45,-43,-42,-41,-40,-38,-36,-34,-33,-33,-33,-34,-35,-35,-36,-36,-37,-37,-36,-35,-33,-30,-28,-26,-22,-18,-13,-7,-3,0,6,13,19,21,19,14,8,3,1,0,0,-1,-3,-5,-7,-8,-10,-12,-13,-15,-16,-17,-17,-17,-17,-17,-17,-17,-17,-16,-16,-15,-15,-14,-13,-12,-10,-8,-7,-5,-3,-1,2,12,19,21,23,24,26,28,29,29,30,32,34,38,42,46,49,54,59,65,72,81,89,95,101,107,112,115,118,120,121,121,121,120,118,115,111,105,98,67,20,-42,-122,-214,-318,-433,-556,-672,-748,-753,-700,-545,-336,-127,43,157,177,183,186,188,189,189,185,178,172,165,156,147,142,143,149,155,159,162,164,166,168,170,172,173,173,173,171,169,167,164,161,157,150,137,127,120,115,111,111,112,113,114,116,118,117,110,99,87,72,64,60,56,53,50,48,46,44,43,42,40,39,38,37,36,35,33,30,27,24,20,16,8,-8,-26,-34,-38,-42,-45,-49,-51,-54,-57,-61,-64,-67,-70,-73,-75,-77,-78,-80,-81,-82,-82,-82,-83,-83,-85,-86,-88,-90,-91,-92,-92,-92,-91,-90,-88,-86,-83,-81,-78,-76,-74,-72,-69,-67,-63,-60,-57,-51,-43,-36,-32,-28,-25,-23,-22,-21,-19,-17,-16,-15,-13,-12,-10,-8,-7,-7,-7,-7,-7,-7,-6,-6,-5,-4,-3,-1,-1,-2,-4,-6,-8,-10,-12,-14,-16,-18,-19,-20,-20,-21,-22,-24,-26,-29,-32,-35,-39,-42,-44,-46,-46,-45,-43,-41,-38,-35,-33,-30,-28,-26,-24,-23,-21,-20,-19,-17,-15,-13,-11,-9,-7,-5,-3,-2,-1,0,0,1,2,2,3,3,4,5,5,6,7,8,8,8,7,7,7,6,6,5,4,3,3,4,5,7,9,10,11,12,14,15,16,16,16,17,19,23,27,31,34,36,39,41,43,44,43,40,38,35,33,31,30,29,27,26,26,27,27,26,23,20,19,21,25,31,37,42,49,57,62,63,55,44,33,26,19,12,6,0,-5,-9,-10,-10,-8,-5,0,5,12,20,27,32,37,42,48,54,60,64,67,69,69,69,68,67,65,62,59,56,53,49,44,40,37,36,36,38,40,43,46,53,59,60,57,51,47,44,40,37,34,31,27,25,22,18,12,-9,-60,-128,-212,-311,-420,-535,-654,-764,-829,-829,-765,-607,-395,-174,8,132,188,207,190,143,90,75,67,62,58,57,55,53,50,47,45,44,42,41,40,40,40,40,41,42,42,42,41,39,38,36,35,34,34,35,36,38,38,38,37,35,32,28,23,18,13,8,4,1,0,-2,-4,-7,-10,-12,-15,-18,-22,-26,-31,-35,-38,-39,-40,-41,-43,-45,-47,-50,-53,-57,-62,-68,-75,-80,-85,-88,-92,-96,-99,-103,-106,-110,-114,-117,-121,-125,-128,-130,-131,-133,-136,-138,-141,-142,-139,-134,-127,-121,-118,-114,-111,-108,-104,-100,-96,-93,-90,-87,-84,-80,-76,-67,-51,-42,-39,-37,-36,-36,-35,-33,-32,-30,-29,-28,-26,-24,-23,-21,-19,-17,-15,-12,-9,-5,-1,5,12,17,18,19,20,21,23,24,20,14,12,10,9,8,8,8,7,7,6,6,5,5,4,5,6,7,9,10,12,14,16,18,20,21,21,21,21,21,21,22,23,24,26,27,28,28,28,27,24,21,17,13,8,4,1,-4,-9,-14,-16,-14,-11,-8,-4,-2,1,4,8,11,12,12,12,12,11,12,12,12,12,11,10,9,9,9,9,10,10,11,12,13,14,14,14,14,13,13,13,12,11,10,9,8,8,9,8,8,7,6,6,6,6,6,5,3,2,2,1,-2,-4,-1,4,9,13,16,18,18,15,10,6,1,-1,-5,-9,-12,-16,-18,-20,-21,-22,-22,-21,-18,-15,-12,-8,-5,-2,0,2,5,7,9,10,11,11,11,9,8,5,2,-1,-5,-7,-11,-14,-18,-21,-24,-25,-24,-21,-18,-15,-11,-7,-2,2,7,13,17,21,25,29,34,39,46,55,63,63,59,50,25,-13,-65,-130,-207,-292,-389,-504,-632,-747,-799,-790,-693,-499,-265,-49,103,174,201,203,192,178,156,129,106,98,96,93,91,89,87,85,84,84,84,84,83,83,83,84,85,85,86,86,85,85,86,86,86,86,85,84,82,81,79,77,75,72,70,69,68,66,65,63,61,59,57,55,52,49,46,44,42,40,39,38,38,37,36,34,32,30,27,22,18,13,8,3,0,-5,-11,-18,-25,-32,-40,-48,-55,-64,-72,-76,-80,-82,-83,-84,-85,-86,-87,-88,-89,-90,-91,-91,-92,-92,-91,-90,-89,-87,-85,-83,-81,-79,-76,-74,-72,-69,-66,-63,-58,-53,-48,-42,-39,-36,-34,-32,-29,-26,-21,-17,-15,-17,-21,-25,-28,-34,-37,-32,-23,-12,0,9,13,15,16,18,21,23,24,25,26,26,25,24,23,21,19,17,15,14,13,12,11,9,6,4,2,3,5,8,11,15,22,26,22,13,2,-10,-21,-27,-31,-35,-38,-40,-41,-39,-36,-33,-29,-25,-22,-18,-14,-11,-8,-6,-4,-4,-3,-2,-2,-1,0,0,0,0,0,0,0,-1,-2,-2,-2,-2,-1,0,0,0,1,1,2,2,2,2,2,3,4,7,9,11,13,15,16,18,18,19,19,18,18,19,21,22,20,14,8,2,-4,-9,-9,-4,1,5,9,13,17,20,22,24,29,35,23,16,13,10,7,4,2,1,0,0,0,0,0,1,3,5,7,8,8,9,10,13,16,18,19,17,14,11,8,7,5,3,0,-1,-2,-3,-4,-5,-5,-4,-3,-1,0,1,3,4,6,7,8,10,12,15,18,20,21,21,20,18,16,13,10,6,2,0,0,3,9,18,34,59,72,78,84,88,91,93,95,97,99,101,103,105,107,112,116,116,109,95,75,45,-2,-62,-140,-238,-358,-493,-634,-755,-808,-800,-705,-515,-285,-63,105,204,235,236,207,164,140,123,111,105,102,100,97,93,99,104,107,110,113,114,114,113,111,110,109,108,105,109,114,118,117,107,102,99,96,94,92,90,88,85,81,76,73,69,67,65,64,62,60,59,58,57,56,55,53,51,50,49,48,48,47,46,45,44,43,43,42,40,38,35,31,24,16,8,0,-3,-7,-9,-11,-13,-15,-17,-20,-23,-26,-28,-31,-33,-35,-39,-43,-51,-67,-76,-80,-85,-89,-92,-92,-89,-83,-77,-73,-69,-66,-62,-59,-56,-53,-51,-49,-46,-41,-32,-33,-44,-52,-58,-63,-65,-64,-60,-53,-44,-27,-3,5,9,13,17,19,20,20,20,20,19,18,17,15,13,11,10,9,8,7,6,6,7,9,10,11,12,13,15,17,18,18,18,18,18,18,18,16,14,11,9,8,6,2,-1,-3,0,5,12,16,20,23,26,29,31,31,29,26,22,18,15,14,12,10,7,5,3,1,1,0,0,0,0,0,1,2,4,5,7,9,10,11,12,13,14,14,13,14,14,15,16,17,19,19,20,22,24,26,29,30,32,34,37,41,46,51,53,53,52,49,46,43,39,36,33,30,27,24,20,17,12,7,1,-11,-37,-55,-65,-73,-80,-86,-89,-92,-95,-99,-102,-104,-106,-107,-109,-110,-112,-113,-113,-114,-115,-118,-122,-124,-124,-119,-110,-100,-93,-85,-78,-70,-65,-61,-58,-56,-55,-54,-53,-53,-52,-52,-53,-54,-54,-53,-53,-52,-53,-54,-54,-54,-54,-54,-53,-52,-52,-51,-50,-49,-47,-46,-45,-43,-41,-39,-35,-31,-27,-23,-19,-15,-10,-4,1,13,30,34,40,35,0,-47,-103,-174,-259,-356,-463,-574,-681,-773,-821,-816,-745,-582,-380,-188,-38,66,136,164,174,174,158,114,61,27,14,9,15,26,35,44,50,50,42,33,27,22,17,13,11,10,11,13,15,17,17,18,19,21,23,25,26,28,29,30,30,30,28,26,24,23,21,20,18,17,16,17,17,17,17,18,18,18,18,19,19,18,18,18,18,18,18,17,17,17,15,13,11,8,3,-1,-7,-22,-37,-54,-61,-66,-70,-75,-79,-83,-86,-89,-92,-93,-94,-96,-96,-97,-97,-97,-96,-95,-94,-92,-91,-89,-87,-84,-80,-76,-72,-68,-64,-59,-51,-41,-33,-28,-24,-21,-18,-16,-13,-12,-11,-11,-11,-13,-16,-19,-22,-24,-26,-27,-27,-28,-29,-30,-31,-32,-33,-34,-35,-35,-35,-35,-35,-34,-34,-33,-33,-32,-33,-33,-34,-36,-37,-38,-39,-39,-40,-40,-40,-39,-39,-38,-37,-36,-35,-35,-35,-35,-35,-35,-36,-36,-36,-37,-36,-36,-35,-33,-32,-30,-29,-27,-26,-24,-23,-22,-20,-19,-17,-14,-12,-10,-7,-3,1,7,13,19,24,28,32,37,41,45,48,51,52,54,55,57,58,58,59,60,61,62,64,65,66,67,68,69,70,71,71,71,71,72,73,74,74,74,74,74,73,73,73,73,72,72,72,72,71,71,71,70,70,69,68,67,66,66,66,66,66,66,66,66,66,65,64,63,61,60,59,58,57,55,54,53,53,53,51,49,46,42,39,38,38,39,41,43,45,47,52,56,59,59,56,53,51,50,47,45,43,41,39,38,37,36,35,35,36,37,38,39,40,41,42,43,45,45,46,47,48,50,52,54,56,57,58,61,63,65,67,67,67,67,67,66,65,64,61,58,55,51,48,45,41,36,32,28,24,20,17,13,10,5,1,-2,-3,-2,0,2,6,9,14,20,23,20,13,5,0,-4,-9,-13,-17,-20,-21,-19,-16,-11,-6,-2,1,4,8,12,16,18,19,19,19,18,17,15,13,10,7,4,1,-4,-10,-13,-12,-7,-1,5,14,19,13,0,-37,-95,-172,-266,-376,-502,-634,-755,-844,-874,-854,-791,-644,-464,-281,-119,7,95,119,127,119,90,57,31,14,4,2,2,3,4,4,4,5,6,7,8,8,9,9,9,10,12,12,13,13,14,15,16,18,19,19,18,18,18,18,17,16,14,13,13,12,12,11,10,9,8,8,8,7,5,4,2,0,-1,-3,-5,-7,-10,-12,-14,-15,-17,-19,-22,-25,-29,-33,-37,-40,-43,-46,-49,-52,-56,-60,-64,-67,-71,-76,-81,-86,-89,-92,-93,-95,-96,-97,-98,-98,-98,-99,-100,-102,-104,-105,-105,-105,-104,-103,-102,-101,-98,-95,-92,-89,-87,-86,-85,-83,-81,-78,-76,-73,-70,-66,-61,-57,-53,-49,-46,-43,-41,-38,-35,-32,-30,-28,-26,-24,-24,-24,-25,-25,-26,-28,-29,-30,-31,-32,-33,-34,-37,-40,-39,-31,-20,-12,-4,3,7,8,7,4,0,-3,-9,-14,-17,-18,-18,-17,-16,-15,-12,-8,-10,-12,-13,-15,-16,-16,-13,-8,-2,8,20,27,32,15,3,-3,-9,-14,-16,-16,-12,-6,0,4,7,11,16,20,24,27,28,29,28,27,26,23,19,15,11,9,7,6,5,3,1,0,-1,-2,-3,-4,-4,-5,-5,-4,-4,-3,-3,-3,-4,-5,-5,-6,-8,-9,-9,-10,-10,-11,-11,-15,-18,-21,-19,-14,-9,-5,-3,-1,1,5,9,14,18,23,27,33,39,53,74,75,75,75,75,76,76,76,76,76,76,75,74,73,71,69,67,65,64,63,63,61,60,58,57,56,55,54,54,53,51,50,48,46,43,39,33,25,16,6,-5,-20,-31,-35,-37,-40,-42,-44,-45,-43,-36,-27,-17,-4,6,17,25,32,38,41,41,36,28,21,16,12,8,4,2,0,0,0,0,1,3,5,7,9,11,14,17,20,23,25,28,30,32,35,37,39,43,50,56,57,53,45,33,11,-11,-34,-75,-127,-195,-279,-382,-501,-629,-747,-814,-813,-741,-563,-338,-118,61,173,206,218,205,164,114,85,72,67,63,59,57,55,52,51,49,48,46,45,44,45,46,46,46,46,46,45,44,43,41,39,38,41,47,54,60,68,73,73,69,63,58,55,52,49,46,43,40,36,32,28,25,22,18,14,11,10,10,11,12,14,15,17,19,20,20,17,13,7,-2,-22,-45,-70,-81,-85,-89,-91,-93,-95,-97,-99,-101,-104,-106,-109,-111,-112,-112,-113,-114,-117,-120,-123,-126,-128,-131,-133,-135,-135,-134,-131,-127,-123,-120,-116,-111,-104,-93,-82,-75,-70,-67,-64,-61,-58,-56,-55,-54,-52,-50,-48,-45,-43,-41,-38,-35,-31,-28,-24,-21,-19,-16,-13,-11,-9,-8,-7,-6,-6,-5,-5,-4,-4,-3,-2,-2,-1,0,0,2,3,3,4,4,6,7,9,10,12,12,13,15,17,20,22,23,24,24,25,26,26,26,26,26,25,26,28,29,30,31,33,35,37,40,42,44,46,50,58,68,74,71,62,54,49,45,42,39,36,34,32,32,33,36,41,46,51,55,59,65,71,76,81,83,82,79,75,71,67,65,62,59,56,53,50,46,43,41,41,41,42,44,46,48,49,49,49,48,48,47,46,47,48,50,51,50,47,44,43,41,39,37,35,33,32,33,35,40,46,52,59,65,72,80,88,95,99,98,94,89,82,74,64,48,33,20,11,5,0,-5,-11,-17,-22,-26,-31,-37,-53,-79,-104,-121,-127,-132,-135,-137,-133,-123,-113,-108,-105,-102,-99,-96,-92,-88,-85,-83,-80,-78,-76,-74,-74,-74,-74,-74,-72,-69,-65,-62,-58,-52,-46,-41,-37,-35,-34,-34,-33,-30,-25,-21,-21,-25,-29,-31,-31,-32,-33,-34,-37,-39,-41,-44,-46,-47,-49,-50,-52,-55,-60,-72,-98,-141,-201,-291,-412,-559,-715,-856,-942,-948,-888,-713,-482,-250,-67,6,29,43,50,51,49,45,38,23,4,-5,-12,-16,-12,-2,1,4,6,7,7,8,10,12,14,16,18,20,22,23,25,26,27,29,31,33,36,38,40,42,44,46,49,50,52,53,53,54,55,55,55,54,53,52,52,51,50,48,45,42,39,36,33,30,27,24,22,20,18,15,12,9,6,1,-2,-7,-12,-16,-21,-25,-29,-33,-37,-40,-44,-48,-52,-56,-60,-64,-68,-71,-72,-72,-71,-70,-68,-66,-64,-61,-59,-57,-55,-54,-53,-51,-48,-44,-39,-34,-28,-21,-14,-6,1,8,13,17,20,22,24,27,29,32,36,39,43,46,49,51,52,53,53,53,54,54,56,57,59,61,62,64,66,68,70,71,73,75,76,78,80,81,83,84,85,86,86,85,84,83,83,82,82,82,82,82,82,81,80,78,76,73,70,67,65,63,61,60,59,58,57,57,55,54,51,49,47,46,45,44,43,41,39,38,37,36,35,32,29,25,21,17,13,8,-1,-14,-23,-28,-32,-35,-39,-44,-49,-53,-57,-61,-65,-68,-71,-74,-77,-79,-80,-81,-83,-84,-85,-84,-81,-77,-72,-67,-64,-62,-59,-55,-52,-49,-47,-48,-48,-49,-50,-50,-51,-53,-55,-58,-61,-63,-63,-62,-59,-56,-53,-48,-43,-44,-54,-66,-74,-80,-87,-93,-96,-97,-96,-93,-89,-83,-76,-67,-52,-42,-37,-34,-32,-29,-27,-24,-23,-22,-22,-23,-24,-26,-29,-33,-39,-43,-47,-49,-52,-54,-57,-60,-62,-63,-63,-62,-61,-60,-59,-57,-54,-51,-48,-46,-44,-42,-40,-38,-35,-33,-30,-27,-23,-19,-15,-11,-8,-6,-4,-2,0,2,4,5,7,10,12,16,19,21,24,26,28,30,31,32,31,31,30,31,32,33,34,36,40,47,52,46,28,-21,-82,-163,-262,-377,-498,-616,-720,-784,-787,-737,-597,-401,-191,-5,127,185,206,204,181,166,155,146,137,128,120,113,108,103,98,94,90,87,85,82,80,76,72,69,66,65,65,64,64,64,63,63,62,61,59,58,56,56,55,55,55,54,54,54,55,55,54,53,51,49,47,46,45,45,44,44,44,44,44,43,42,41,39,37,35,32,30,28,25,22,19,12,-6,-19,-28,-34,-40,-44,-48,-51,-54,-58,-62,-65,-67,-69,-71,-73,-76,-80,-83,-86,-89,-91,-94,-97,-100,-102,-105,-107,-110,-115,-120,-124,-124,-118,-110,-100,-89,-73,-60,-49,-43,-38,-35,-32,-29,-27,-25,-23,-21,-19,-17,-15,-13,-11,-9,-8,-7,-6,-4,-2,0,1,3,5,6,8,9,9,8,7,5,3,1,0,-3,-6,-8,-10,-12,-13,-18,-24,-29,-29,-26,-19,-13,-9,-5,-2,1,4,7,8,8,6,4,1,0,-3,-8,-13,-13,-7,1,9,17,23,27,28,30,33,37,35,19,11,6,1,-1,-4,-7,-9,-11,-12,-12,-10,-9,-6,-3,0,2,5,8,11,14,17,21,25,28,30,31,30,29,27,24,20,16,11,7,2,-3,-7,-10,-12,-11,-8,-4,1,8,18,35,50,59,65,70,73,75,74,73,70,66,60,54,45,29,23,21,20,17,15,19,26,29,31,33,36,38,39,40,40,39,36,33,30,26,21,16,9,2,-2,-3,-2,0,2,5,8,12,15,16,15,13,10,8,6,3,0,-2,-4,-2,2,9,15,21,27,33,38,41,43,44,44,43,43,43,44,45,46,47,49,50,53,56,58,60,61,62,64,66,68,70,73,76,80,83,87,90,91,92,91,89,88,86,84,81,78,75,72,68,55,29,-12,-70,-146,-236,-334,-440,-551,-659,-739,-750,-724,-599,-421,-226,-57,67,132,154,161,158,150,143,132,117,104,92,85,82,77,71,70,75,79,81,82,83,84,84,84,85,85,84,83,82,80,78,76,73,71,69,69,71,75,79,83,88,96,95,80,69,61,53,44,35,27,21,16,10,5,1,-2,-5,-7,-9,-12,-14,-15,-16,-17,-18,-19,-21,-23,-24,-26,-28,-31,-33,-35,-38,-40,-43,-46,-50,-55,-61,-68,-75,-82,-90,-98,-104,-109,-114,-118,-122,-125,-128,-130,-131,-132,-133,-133,-132,-130,-127,-124,-120,-117,-113,-109,-101,-84,-72,-68,-65,-64,-62,-61,-59,-57,-54,-51,-48,-45,-42,-40,-38,-36,-34,-32,-30,-28,-26,-23,-20,-17,-13,-9,-7,-4,-3,-1,0,1,3,4,6,7,8,9,10,11,12,13,13,14,15,15,16,16,16,17,17,18,18,18,18,18,18,18,19,20,21,21,22,22,23,23,24,25,25,25,25,24,24,24,24,23,22,21,20,20,19,19,18,16,15,14,13,13,12,11,9,8,8,8,9,10,11,13,16,19,22,24,26,28,29,30,33,35,38,40,42,44,45,46,46,45,43,40,37,34,30,28,25,22,21,19,19,18,18,17,16,15,14,13,12,11,10,10,10,11,12,12,13,14,15,16,16,16,16,16,15,15,15,15,15,15,15,16,16,16,16,16,16,15,14,13,13,12,11,10,9,8,7,6,4,3,2,1,0,-2,-3,-4,-4,-5,-8,-12,-16,-16,-14,-9,-3,0,4,8,13,18,22,23,22,21,19,18,18,17,16,14,13,12,12,13,13,13,13,13,14,14,15,15,15,15,15,16,16,15,15,14,14,13,12,10,7,3,-3,-11,-39,-88,-152,-231,-327,-439,-569,-705,-820,-863,-852,-752,-568,-344,-123,47,153,186,197,181,155,116,88,74,64,56,51,47,44,41,40,38,37,35,33,33,33,34,34,33,33,33,33,34,36,39,41,43,44,46,49,51,53,53,50,45,40,34,30,27,24,21,18,17,15,14,13,11,8,6,4,3,2,2,1,0,0,0,-1,-1,-2,-4,-7,-10,-13,-16,-19,-23,-28,-33,-38,-43,-50,-63,-73,-77,-80,-82,-83,-85,-88,-92,-96,-101,-105,-108,-112,-115,-118,-119,-119,-117,-113,-110,-106,-103,-98,-94,-89,-86,-82,-79,-75,-72,-69,-66,-63,-62,-60,-59,-57,-55,-53,-51,-50,-48,-47,-45,-43,-40,-37,-34,-30,-26,-22,-20,-18,-16,-15,-14,-12,-10,-9,-7,-5,-2,0,4,10,20,26,29,32,36,35,23,17,13,9,6,4,1,0,-2,-5,-7,-10,-12,-16,-22,-25,-21,-14,-10,-6,-2,0,1,1,1,1,0,0,0,-2,-5,-8,-10,-10,-9,-9,-8,-7,-5,0,-9,-17,-22,-26,-30,-31,-29,-26,-22,-18,-16,-12,-9,-6,-4,-3,-2,-1,0,1,3,4,4,3,1,0,-1,-2,-3,-4,-6,-7,-8,-9,-9,-9,-8,-6,-4,0,3,7,11,14,19,23,27,30,32,33,33,34,35,36,37,38,39,39,40,41,41,40,38,34,30,26,22,18,14,10,5,1,-2,-5,-7,-9,-12,-15,-19,-30,-43,-47,-50,-52,-53,-50,-44,-37,-28,-15,0,11,20,27,30,32,32,32,33,35,32,18,9,3,-1,-5,-7,-8,-7,-4,-1,2,5,9,13,18,22,26,27,27,25,24,21,19,14,12,16,24,34,44,45,34,6,-35,-97,-179,-278,-390,-511,-634,-744,-817,-824,-787,-653,-459,-250,-63,76,160,181,188,173,130,90,76,70,75,90,99,104,105,101,94,90,84,79,79,82,85,87,87,88,88,88,89,90,91,92,93,93,93,92,92,91,91,89,87,85,84,83,81,80,78,77,75,75,74,74,73,72,71,70,69,67,65,63,60,57,55,53,51,49,46,43,39,35,29,23,18,14,10,6,2,-3,-12,-22,-34,-42,-47,-52,-56,-59,-63,-67,-71,-76,-81,-85,-90,-94,-99,-103,-107,-110,-109,-107,-103,-99,-95,-90,-85,-77,-69,-61,-54,-47,-42,-39,-35,-32,-30,-28,-27,-26,-24,-21,-18,-15,-14,-12,-10,-8,-6,-5,-4,-3,-3,-2,-1,-1,-1,0,0,2,5,7,9,10,11,12,13,14,15,16,16,17,21,24,26,25,19,12,6,4,3,1,0,-1,-2,-3,-5,-8,-10,-12,-14,-15,-16,-17,-18,-18,-18,-17,-17,-17,-17,-17,-18,-18,-20,-22,-23,-24,-22,-17,-11,-7,-4,-3,-1,0,2,3,4,5,5,6,6,7,7,7,7,7,7,6,6,5,4,4,3,2,1,0,0,0,0,0,0,0,0,0,0,-1,-2,-4,-5,-5,-5,-5,-5,-4,-4,-3,-1,0,0,0,1,3,4,6,8,11,13,15,17,19,20,22,23,24,26,29,31,33,34,36,37,38,39,39,40,40,41,41,42,42,43,44,45,47,48,50,52,54,56,60,63,63,55,44,32,18,8,1,-3,-8,-12,-14,-13,-7,2,10,15,18,21,24,27,29,30,32,32,33,33,34,35,36,37,39,40,42,44,46,47,48,49,51,52,54,56,58,62,66,72,77,82,87,91,94,97,100,104,108,113,124,129,125,115,87,42,-16,-91,-183,-288,-400,-515,-630,-728,-777,-769,-682,-499,-279,-73,73,128,144,155,161,162,161,156,150,144,140,137,134,131,127,124,122,119,115,111,107,104,101,98,95,93,89,86,82,79,76,72,69,65,62,60,59,58,57,56,55,55,55,54,52,51,48,46,44,41,38,34,31,27,24,21,17,13,9,4,-1,-6,-11,-16,-22,-28,-35,-44,-59,-73,-85,-93,-99,-103,-108,-112,-116,-120,-123,-125,-129,-132,-137,-142,-148,-154,-161,-168,-175,-185,-193,-198,-202,-204,-205,-207,-208,-209,-210,-211,-212,-212,-212,-211,-209,-206,-203,-199,-195,-191,-187,-181,-169,-161,-155,-151,-148,-146,-144,-142,-140,-137,-133,-129,-125,-120,-117,-114,-110,-106,-102,-99,-96,-93,-90,-88,-85,-82,-80,-78,-76,-74,-71,-69,-67,-65,-64,-63,-62,-61,-60,-59,-57,-55,-53,-50,-48,-46,-43,-41,-38,-35,-33,-30,-26,-20,-17,-17,-19,-23,-26,-28,-30,-32,-34,-37,-40,-40,-38,-34,-29,-24,-18,-12,-5,3,9,14,18,21,24,27,30,32,34,35,37,38,40,41,41,40,40,41,42,42,43,43,43,44,44,45,45,45,46,47,48,49,50,50,49,49,49,49,50,50,50,50,50,51,52,53,54,55,56,57,57,57,57,57,58,59,61,65,68,64,56,53,51,50,49,48,48,47,46,44,42,40,37,35,34,32,30,28,26,24,22,20,16,11,4,0,-2,0,5,12,19,26,35,43,48,50,52,54,54,55,56,57,57,58,58,58,58,58,58,57,55,54,52,51,50,49,49,50,50,51,51,51,52,51,50,55,65,74,83,88,85,75,45,6,-43,-107,-183,-270,-366,-471,-584,-691,-766,-773,-735,-587,-376,-145,55,183,226,240,225,200,174,161,155,150,145,139,134,128,121,112,98,89,83,81,81,80,79,78,77,76,76,77,78,78,79,79,79,80,80,79,78,77,77,76,75,74,72,71,69,68,66,64,61,58,56,53,50,47,44,41,39,37,36,34,33,31,29,26,23,17,10,3,-3,-11,-17,-22,-27,-32,-36,-40,-45,-49,-53,-59,-65,-70,-76,-81,-86,-91,-95,-99,-103,-107,-109,-110,-111,-111,-111,-110,-111,-112,-113,-108,-98,-89,-79,-70,-62,-57,-53,-49,-46,-41,-38,-35,-32,-28,-22,-10,2,11,18,23,22,17,10,6,2,-2,-7,-9,-8,-7,-5,-3,-1,0,2,5,8,12,17,21,25,29,32,36,38,39,38,36,32,28,24,21,19,16,14,12,9,6,3,0,-1,-2,-3,-3,-4,-5,-5,-5,-5,-7,-9,-11,-12,-11,-6,-1,3,8,15,22,26,24,19,12,2,-11,-19,-25,-30,-29,-16,-5,3,11,16,20,25,30,33,29,23,19,16,12,9,8,8,11,14,18,26,36,35,35,37,37,37,36,36,37,40,43,46,48,49,52,56,58,58,53,45,39,36,34,33,31,29,26,24,23,22,21,19,17,16,16,16,16,16,15,13,12,11,10,9,7,4,-1,-8,-11,-13,-14,-15,-17,-20,-21,-23,-23,-24,-25,-26,-27,-28,-28,-27,-27,-26,-26,-25,-23,-21,-19,-17,-15,-13,-10,-4,2,4,5,5,5,6,7,8,9,9,6,3,0,-3,-5,-8,-11,-14,-16,-15,-11,-6,0,5,9,13,18,23,27,30,33,34,35,35,34,33,30,27,23,17,6,-17,-62,-127,-218,-332,-462,-602,-738,-846,-885,-874,-779,-595,-370,-146,36,147,168,163,116,85,75,90,105,117,122,117,105,86,65,57,52,48,46,46,48,50,53,56,62,66,64,61,60,59,58,57,56,54,53,51,49,47,45,42,40,38,36,33,30,27,24,21,18,14,11,7,3,0,-1,0,1,3,4,6,8,10,12,15,16,17,18,18,17,16,13,9,4,0,-6,-14,-23,-33,-42,-49,-54,-60,-64,-68,-72,-75,-78,-80,-81,-83,-84,-85,-87,-88,-90,-91,-92,-93,-94,-94,-94,-93,-91,-88,-85,-81,-78,-74,-70,-66,-61,-56,-52,-48,-44,-40,-36,-32,-28,-26,-23,-21,-19,-16,-13,-11,-8,-6,-3,0,1,3,3,4,5,7,10,16,22,27,28,27,25,22,19,13,9,12,19,23,26,30,33,35,37,38,38,38,37,34,31,27,24,21,18,17,16,14,13,13,12,12,10,8,7,5,4,4,4,5,5,6,7,9,10,10,10,9,8,8,8,8,9,10,11,12,13,14,15,15,16,17,17,17,18,19,21,24,25,25,22,18,14,10,8,6,4,2,0,0,-2,-4,-6,-8,-8,-8,-7,-7,-6,-5,-3,0,2,5,7,9,10,12,13,15,17,20,23,26,29,31,33,32,30,27,23,19,15,11,7,3,0,-2,-2,-1,1,5,9,14,19,24,31,38,43,42,39,33,25,12,-13,-33,-46,-57,-65,-72,-79,-84,-84,-77,-66,-55,-42,-30,-19,-13,-9,-5,-2,0,1,3,3,2,2,1,0,-2,-4,-7,-14,-19,-12,0,8,15,22,27,31,32,32,32,31,30,29,28,28,27,26,25,24,23,21,20,19,18,17,15,12,8,2,-12,-37,-73,-126,-200,-291,-401,-529,-662,-775,-824,-815,-718,-525,-301,-104,38,106,130,139,133,120,105,88,76,71,69,67,65,63,60,58,56,54,51,48,45,42,41,39,37,34,28,22,18,16,18,21,24,27,30,34,39,43,44,42,39,36,33,32,31,28,26,23,21,19,16,12,8,5,1,0,-2,-3,-4,-6,-8,-10,-12,-15,-18,-21,-25,-29,-33,-35,-38,-40,-42,-45,-48,-53,-58,-64,-70,-75,-81,-86,-91,-95,-98,-101,-102,-103,-105,-106,-107,-108,-109,-111,-114,-116,-117,-117,-116,-114,-112,-110,-108,-106,-102,-98,-95,-93,-90,-87,-82,-76,-67,-56,-47,-41,-35,-30,-24,-20,-17,-15,-14,-13,-13,-12,-13,-14,-16,-17,-18,-19,-21,-23,-26,-30,-31,-26,-16,-6,0,6,12,17,22,27,29,30,31,31,32,32,33,33,35,36,36,34,29,24,22,20,18,16,14,12,10,8,7,6,6,6,6,7,9,10,11,12,13,13,13,13,12,11,11,11,11,11,11,12,13,14,15,18,21,24,27,30,34,38,41,45,50,56,61,66,70,74,76,77,76,74,72,69,65,62,59,56,53,51,49,47,44,42,40,37,35,33,30,28,26,24,22,21,20,19,18,18,18,18,18,18,18,18,17,16,13,11,9,9,9,11,11,12,12,13,15,16,17,18,18,17,16,15,15,14,13,12,11,11,12,12,13,13,14,14,15,16,17,18,19,19,20,20,20,19,18,18,18,19,20,20,20,19,19,18,17,15,13,10,8,6,5,3,2,1,0,0,-1,-2,-3,-5,-7,-9,-11,-12,-13,-13,-14,-14,-13,-11,-10,-8,-6,-5,-3,-1,1,4,7,9,11,15,19,22,23,20,12,3,-5,-15,-29,-39,-44,-48,-52,-56,-60,-61,-60,-58,-55,-51,-48,-44,-40,-36,-31,-26,-22,-16,-11,-8,-7,-9,-12,-15,-17,-18,-21,-24,-26,-26,-21,-12,-2,12,32,37,39,42,44,46,47,46,41,34,25,18,12,5,-1,-8,-12,-14,-13,-9,-4,2,10,18,31,42,43,36,23,2,-31,-93,-166,-253,-356,-476,-614,-757,-877,-926,-876,-721,-488,-227,-4,138,183,198,180,151,126,115,110,106,103,100,95,90,84,80,77,75,74,73,72,72,71,70,70,69,68,67,66,65,64,64,63,62,61,60,59,58,58,57,57,55,54,52,50,48,45,42,40,38,37,37,36,36,35,33,32,31,30,28,27,24,22,20,19,18,17,16,14,12,8,3,-1,-6,-11,-17,-24,-31,-38,-46,-53,-61,-68,-73,-77,-79,-81,-83,-85,-87,-90,-92,-93,-93,-92,-89,-86,-84,-82,-81,-80,-79,-78,-78,-78,-78,-77,-78,-78,-78,-78,-78,-78,-78,-77,-76,-74,-72,-69,-66,-63,-60,-57,-54,-51,-49,-46,-43,-40,-36,-32,-29,-25,-21,-17,-13,-9,-6,-3,0,2,5,7,10,12,14,17,20,25,29,33,36,38,40,40,39,38,35,31,27,22,18,14,9,3,-1,-6,-8,-10,-10,-11,-11,-11,-11,-11,-12,-15,-18,-20,-18,-12,-6,-3,0,1,4,8,11,14,16,17,18,19,20,20,20,19,18,17,17,17,17,17,16,15,15,14,15,15,14,13,12,12,12,12,11,11,10,9,9,10,10,11,12,12,13,14,15,16,16,16,16,16,16,17,17,17,18,18,18,18,17,17,16,16,15,15,14,14,14,14,14,13,13,12,11,11,10,10,10,10,10,11,13,15,16,18,20,24,28,33,38,42,48,53,58,60,58,52,46,40,37,34,32,29,26,23,20,18,16,14,11,8,5,3,1,0,0,-1,-2,-4,-6,-8,-9,-12,-14,-17,-19,-21,-23,-23,-23,-22,-20,-19,-17,-14,-12,-10,-9,-7,-6,-4,-1,1,4,6,8,11,13,15,17,18,19,19,19,20,21,24,27,29,32,34,35,36,37,37,37,38,38,40,43,51,50,33,-9,-62,-133,-222,-324,-432,-541,-647,-743,-800,-799,-740,-591,-397,-198,-30,84,146,170,170,151,122,86,72,68,64,61,58,55,53,50,48,47,46,45,45,47,49,51,51,50,49,47,46,44,43,41,39,37,36,34,33,32,31,30,29,28,27,26,24,21,19,18,16,15,13,12,11,10,10,9,8,6,4,2,0,-3,-6,-9,-13,-17,-21,-27,-35,-43,-51,-57,-62,-66,-70,-74,-78,-82,-87,-92,-97,-102,-108,-114,-121,-127,-128,-125,-122,-119,-116,-114,-112,-112,-116,-122,-127,-131,-136,-142,-146,-149,-150,-148,-145,-141,-136,-130,-119,-106,-89,-77,-68,-60,-53,-46,-40,-34,-30,-27,-24,-20,-15,-12,-8,-6,-4,-1,0,2,3,4,5,6,8,11,13,15,16,17,18,19,19,18,17,15,13,12,10,9,9,8,8,8,8,7,6,5,5,5,5,5,6,8,9,12,14,15,15,16,16,17,17,17,17,16,16,16,16,16,16,16,15,16,16,16,16,15,16,16,17,19,21,23,24,25,26,27,28,29,30,30,32,35,38,40,40,39,38,37,37,37,36,35,34,33,32,32,33,34,35,37,39,41,43,44,45,45,44,44,44,44,45,45,45,46,47,48,49,49,49,50,51,52,52,53,53,55,57,59,61,61,58,54,48,44,40,37,33,28,25,22,20,20,20,22,23,26,30,34,38,42,46,51,57,62,65,64,60,54,45,31,7,-5,-12,-17,-23,-29,-34,-38,-45,-49,-49,-43,-34,-26,-17,-8,0,7,17,29,29,16,6,0,-6,-12,-16,-20,-23,-28,-36,-40,-35,-24,-12,0,11,23,32,40,47,51,52,47,41,34,29,25,21,18,15,12,12,13,16,20,25,32,42,60,73,84,94,95,86,61,14,-44,-112,-189,-276,-376,-490,-613,-734,-826,-840,-822,-703,-524,-314,-120,23,112,145,157,155,136,109,87,81,78,76,74,70,66,61,55,50,44,40,41,43,46,49,50,52,53,54,52,48,41,35,32,30,28,26,25,23,22,21,21,20,18,17,15,14,12,11,9,8,7,6,4,2,0,-1,-4,-9,-14,-18,-20,-21,-20,-18,-15,-12,-9,-4,0,2,0,-5,-13,-23,-36,-48,-52,-55,-58,-61,-64,-66,-69,-72,-76,-81,-86,-90,-94,-98,-103,-111,-121,-128,-132,-131,-129,-125,-122,-119,-116,-113,-110,-107,-104,-100,-96,-91,-86,-81,-77,-73,-69,-65,-60,-55,-50,-45,-39,-34,-29,-24,-19,-10,-1,4,4,2,0,-3,-5,-6,-8,-10,-12,-14,-14,-12,-8,-3,2,7,11,16,21,25,28,30,31,30,29,28,26,24,22,20,18,18,17,15,13,11,9,8,6,5,4,3,3,3,4,4,5,6,8,10,11,12,12,12,12,12,13,14,15,15,16,17,17,18,19,19,19,19,19,19,20,21,21,21,21,21,22,22,22,22,21,21,21,20,20,19,17,16,15,15,15,15,13,12,10,9,7,5,2,0,0,1,7,13,19,23,26,30,34,38,40,42,42,41,39,37,35,32,30,27,25,22,20,19,18,18,18,18,19,19,20,22,25,27,28,31,38,38,28,21,15,11,9,14,22,31,37,43,50,55,57,54,48,40,31,23,14,5,0,-2,-4,-5,-6,-7,-8,-9,-10,-11,-12,-11,-11,-10,-10,-10,-9,-8,-7,-6,-6,-6,-7,-8,-9,-9,-8,-8,-8,-8,-7,-7,-6,-6,-6,-6,-6,-7,-7,-7,-7,-7,-7,-7,-7,-7,-6,-5,-4,-3,-2,0,1,3,5,7,9,11,13,16,23,32,38,39,37,33,26,2,-37,-86,-141,-204,-277,-359,-451,-557,-667,-761,-795,-784,-692,-526,-327,-142,0,94,156,178,171,147,89,38,19,19,33,40,45,50,53,56,57,57,56,55,53,50,47,42,36,25,6,-5,-14,-21,-24,-14,5,21,38,50,53,55,55,56,57,54,41,32,26,22,18,14,11,9,6,3,-2,-9,5,19,29,35,35,29,21,12,3,-7,-22,-30,-34,-38,-41,-45,-47,-49,-51,-53,-56,-58,-60,-62,-64,-66,-68,-71,-75,-79,-86,-93,-97,-99,-101,-103,-105,-107,-108,-110,-111,-111,-110,-108,-105,-102,-97,-91,-86,-81,-77,-74,-71,-68,-65,-61,-58,-56,-54,-52,-50,-48,-46,-44,-42,-40,-37,-33,-28,-20,-13,-9,-6,-3,0,2,5,7,9,11,13,14,15,15,15,15,15,14,13,12,11,10,10,9,8,6,5,3,3,2,1,0,-2,-5,-11,-17,-18,-15,-10,-7,-3,1,4,5,4,3,2,1,0,-2,-2,0,2,3,4,5,6,6,6,7,9,10,12,12,12,11,10,9,9,9,9,10,10,12,17,13,10,8,6,5,5,7,12,19,28,45,63,70,76,63,51,43,35,27,20,5,-9,-16,-22,-21,-10,0,10,19,27,33,38,43,45,46,42,37,33,29,25,22,19,16,13,11,10,9,9,10,12,15,18,21,23,26,30,35,40,45,47,48,51,55,61,61,48,27,5,-5,-11,-16,-19,-19,-17,-12,-7,-1,6,11,8,4,1,0,-2,-3,-4,-3,0,2,5,8,11,14,18,21,23,24,25,25,25,24,22,20,17,15,12,10,7,4,0,0,0,5,13,22,36,57,63,68,73,75,67,52,42,33,25,18,12,7,1,-14,-35,-62,-99,-152,-222,-304,-392,-490,-601,-709,-784,-789,-739,-589,-390,-189,-33,59,116,134,144,142,116,72,56,53,52,51,51,51,51,49,48,46,44,41,40,40,40,39,38,37,35,34,31,27,23,20,19,20,22,24,27,32,40,45,40,30,23,16,10,7,7,10,14,18,21,25,29,32,33,32,29,26,21,17,11,2,-6,-13,-20,-27,-35,-39,-36,-32,-29,-26,-23,-20,-19,-20,-23,-28,-34,-41,-47,-55,-63,-71,-77,-81,-85,-87,-90,-92,-93,-94,-95,-95,-95,-97,-98,-99,-99,-99,-98,-96,-95,-93,-90,-87,-84,-81,-77,-73,-70,-66,-63,-56,-49,-42,-35,-29,-25,-22,-20,-19,-17,-15,-14,-13,-12,-11,-9,-5,-2,0,2,3,4,6,8,10,11,11,12,14,16,19,22,24,25,26,28,30,31,32,31,30,28,27,27,26,24,23,22,21,21,21,21,20,19,18,18,18,17,17,15,14,14,14,14,15,15,15,16,17,17,18,19,19,19,19,20,20,21,22,22,24,25,27,28,30,31,32,33,34,35,36,37,38,39,40,42,44,45,47,47,48,48,47,46,45,43,40,38,35,33,30,25,20,16,16,18,20,22,24,27,31,33,35,35,34,32,30,30,29,27,25,23,21,20,21,21,22,23,24,25,27,28,29,30,30,29,28,26,24,21,19,16,14,12,11,10,9,7,5,2,0,-4,-7,-10,-14,-17,-19,-19,-18,-15,-12,-9,-6,-2,0,4,7,9,11,13,15,17,19,20,20,20,20,18,17,16,14,11,10,8,7,6,5,4,4,3,3,3,3,3,4,5,6,6,6,7,8,7,6,5,3,0,-2,-6,-11,-23,-53,-84,-116,-173,-244,-335,-451,-583,-721,-844,-910,-907,-827,-642,-412,-184,-1,121,175,195,195,179,157,129,99,69,56,49,44,40,37,35,33,33,33,34,35,35,37,39,41,43,44,45,47,50,52,52,47,39,31,26,22,17,12,8,5,4,5,7,10,14,18,22,25,30,34,38,40,40,37,31,23,17,13,9,5,1,-2,-6,-10,-14,-18,-21,-25,-28,-30,-33,-35,-38,-42,-49,-57,-66,-73,-79,-85,-92,-99,-109,-118,-124,-129,-132,-136,-140,-144,-146,-144,-139,-133,-127,-123,-120,-116,-112,-108,-105,-101,-98,-94,-91,-88,-85,-82,-78,-74,-67,-59,-51,-44,-38,-33,-29,-24,-21,-18,-15,-14,-14,-14,-13,-13,-12,-12,-12,-13,-14,-15,-17,-18,-19,-19,-20,-19,-19,-17,-15,-12,-9,-7,-4,-2,0,1,3,4,5,6,7,8,10,12,12,13,13,13,13,14,13,13,12,11,10,10,10,9,8,6,5,4,3,3,2,0,0,0,0,0,0,0,-1,-1,-2,-3,-8,-11,-5,6,13,19,26,31,33,33,29,24,19,13,9,5,0,-3,-6,-7,-9,-10,-10,-9,-8,-6,-3,-1,0,1,2,4,6,7,8,8,9,9,9,9,8,6,5,4,5,6,8,9,11,13,15,17,19,21,23,25,27,31,36,42,47,50,50,47,43,38,34,32,30,27,24,20,16,13,10,7,5,3,1,0,0,1,2,4,5,6,8,10,12,14,15,16,17,19,24,28,32,34,33,30,27,24,22,19,16,12,9,6,5,5,6,7,9,12,17,23,31,45,51,52,55,57,57,51,45,39,36,39,46,52,59,61,55,39,-3,-56,-122,-201,-289,-386,-493,-610,-726,-815,-828,-805,-683,-504,-295,-97,51,137,164,173,171,154,143,135,129,122,117,112,105,89,67,58,53,49,48,50,52,53,53,53,54,54,54,55,56,58,59,59,59,59,57,55,53,50,48,46,44,42,41,39,38,37,36,35,33,33,32,32,31,31,31,31,30,30,29,28,27,25,23,22,20,17,15,13,10,7,2,-3,-8,-14,-19,-23,-28,-33,-38,-46,-55,-66,-77,-88,-91,-92,-92,-93,-94,-95,-96,-97,-98,-99,-99,-100,-99,-98,-97,-96,-95,-94,-93,-92,-90,-89,-87,-85,-81,-75,-69,-62,-55,-47,-39,-30,-22,-14,-8,-4,0,2,5,8,10,11,11,9,7,5,3,0,-2,-6,-9,-9,-6,-2,3,7,14,21,24,23,20,17,15,13,11,9,7,4,2,0,-1,-2,-3,-3,-3,-3,-3,-4,-5,-9,-11,-4,8,14,19,23,27,30,32,34,35,35,34,33,31,29,27,25,24,22,19,15,11,9,9,10,13,16,19,23,28,31,30,27,22,18,13,8,6,6,8,11,14,16,19,21,24,26,28,28,28,28,27,25,22,19,16,13,11,9,8,7,6,6,6,5,5,4,4,3,3,3,3,3,2,2,2,2,2,2,1,1,0,0,-2,-5,-7,-7,-3,1,7,11,16,21,25,27,27,26,24,22,20,18,16,14,12,11,11,12,13,14,15,17,18,19,20,21,21,20,16,12,7,2,-2,-8,-15,-19,-20,-16,-10,-2,5,17,24,28,30,32,34,35,35,34,34,33,32,30,27,24,21,18,15,12,8,5,3,2,2,3,4,5,6,8,10,14,17,21,24,27,30,34,38,40,40,36,29,20,6,-18,-62,-113,-183,-281,-410,-555,-700,-823,-886,-884,-808,-631,-411,-191,-3,120,171,175,145,92,66,63,59,56,54,51,50,49,48,47,47,48,49,51,53,54,55,55,56,57,58,59,60,60,60,60,60,60,60,61,61,62,62,62,62,60,58,55,52,49,46,43,41,39,37,35,32,30,27,24,21,18,15,12,9,6,4,3,1,0,-2,-4,-6,-8,-11,-14,-18,-22,-25,-29,-32,-37,-43,-49,-56,-63,-72,-81,-91,-103,-114,-121,-126,-131,-136,-142,-147,-150,-150,-145,-138,-131,-128,-125,-122,-119,-115,-112,-108,-103,-98,-91,-85,-79,-74,-70,-66,-61,-55,-50,-45,-39,-35,-30,-26,-22,-18,-15,-14,-13,-12,-11,-10,-8,-6,-4,-2,-1,0,2,5,7,8,9,9,10,10,11,11,10,9,8,8,8,8,7,6,5,4,3,3,3,2,1,0,0,0,0,-1,-2,-3,-4,-4,-3,-3,-3,-3,-3,-2,-1,0,0,0,0,0,1,2,2,2,3,3,4,5,5,5,5,5,6,7,8,9,11,13,14,11,6,1,-3,-7,-7,-1,3,5,5,7,8,10,12,14,15,17,18,18,19,19,19,19,19,19,18,18,17,16,16,15,14,13,12,10,9,8,7,6,5,3,2,0,-2,-5,-8,-12,-15,-18,-21,-23,-24,-25,-24,-24,-23,-21,-19,-17,-16,-14,-12,-10,-8,-6
