-351,-410,-475,-543,-600,-620,-605,-581,-549,-524,-511,-501,-493,-486,-478,-469,-463,-470,-485,-498,-512,-525,-535,-543,-549,-555,-559,-560,-556,-548,-540,-531,-521,-510,-502,-494,-479,-452,-423,-392,-359,-326,-293,-261,-208,-148,-92,-43,-14,36,88,134,187,250,283,313,343,371,395,408,417,422,422,414,402,381,356,322,269,221,166,113,61,6,-46,-93,-143,-173,-203,-232,-254,-269,-276,-281,-286,-288,-281,-268,-259,-252,-247,-242,-237,-232,-226,-221,-216,-209,-199,-186,-171,-153,-133,-125,-120,-114,-111,-116,-126,-141,-167,-197,-225,-253,-282,-314,-347,-379,-410,-440,-473,-511,-547,-581,-620,-649,-667,-677,-683,-687,-692,-698,-701,-696,-683,-665,-636,-606,-576,-544,-510,-473,-436,-400,-366,-339,-320,-302,-284,-267,-251,-243,-237,-232,-228,-225,-224,-226,-229,-233,-238,-244,-253,-266,-280,-295,-313,-332,-345,-352,-358,-363,-365,-364,-359,-352,-343,-334,-324,-312,-303,-292,-272,-245,-221,-197,-172,-144,-113,-83,-59,-40,-23,0,30,50,63,71,71,65,56,46,30,11,-16,-49,-83,-110,-129,-153,-181,-213,-251,-284,-309,-327,-339,-345,-349,-352,-355,-357,-358,-358,-357,-355,-352,-348,-341,-318,-273,-180,-44,134,322,497,638,695,698,655,560,428,258,70,-92,-210,-241,-251,-231,-170,-111,-84,-69,-57,-58,-74,-98,-126,-152,-180,-203,-220,-236,-246,-253,-259,-263,-264,-263,-258,-252,-245,-237,-225,-213,-202,-182,-155,-134,-118,-104,-87,-65,-44,-19,2,19,39,53,63,71,79,85,92,100,109,118,128,138,146,153,160,164,166,165,161,155,147,137,120,106,89,66,25,-19,-66,-99,-135,-172,-208,-242,-259,-268,-275,-279,-281,-279,-274,-267,-259,-247,-227,-208,-181,-150,-121,-91,-66,-47,-30,-21,-15,-9,-5,-3,-2,-3,-6,-11,-18,-25,-36,-57,-78,-101,-122,-140,-157,-174,-190,-209,-236,-258,-275,-293,-312,-329,-336,-340,-343,-346,-347,-348,-347,-342,-335,-328,-318,-305,-292,-281,-264,-239,-214,-184,-148,-117,-88,-60,-39,-26,-15,-5,0,4,8,12,15,18,19,20,20,19,18,15,12,7,2,-3,-10,-22,-46,-62,-82,-108,-123,-132,-139,-144,-144,-141,-134,-126,-115,-98,-78,-63,-51,-40,-29,-19,-11,-5,0,6,11,18,23,28,31,33,35,37,38,39,40,41,43,45,47,50,53,56,60,63,66,69,71,74,76,79,81,84,86,89,92,95,97,99,102,104,105,106,107,108,109,111,113,116,121,133,144,153,160,165,170,176,183,191,201,239,329,443,624,845,1093,1308,1407,1394,1222,879,466,108,-187,-292,-297,-218,-105,-13,60,99,109,115,120,126,132,137,144,160,188,212,229,246,257,265,271,277,281,285,288,290,292,293,295,297,300,302,306,309,313,318,324,334,355,393,454,511,560,621,686,745,794,811,826,838,846,854,860,864,867,869,871,873,876,881,879,864,840,812,769,724,670,620,574,520,465,414,382,349,317,285,256,229,201,174,148,128,112,95,78,61,44,21,-7,-37,-66,-88,-104,-118,-137,-161,-186,-213,-236,-254,-267,-284,-311,-328,-336,-342,-346,-349,-350,-348,-343,-337,-329,-321,-313,-302,-290,-281,-275,-270,-262,-250,-231,-211,-192,-174,-160,-152,-142,-135,-135,-143,-155,-168,-185,-203,-221,-241,-263,-282,-296,-306,-318,-333,-353,-376,-397,-411,-421,-426,-430,-433,-437,-441,-445,-448,-449,-448,-448,-447,-446,-445,-444,-441,-437,-433,-426,-410,-381,-355,-326,-292,-257,-220,-185,-149,-114,-89,-69,-49,-29,-12,5,26,45,52,58,60,54,33,7,-29,-70,-107,-140,-173,-201,-224,-240,-248,-250,-249,-248,-248,-248,-244,-238,-226,-205,-170,-140,-115,-92,-75,-65,-56,-45,-31,-16,-3,9,19,31,44,56,70,86,97,103,107,109,110,110,108,104,94,80,54,17,-14,-43,-69,-98,-127,-158,-189,-221,-248,-266,-281,-288,-294,-300,-305,-308,-308,-303,-296,-286,-276,-262,-252,-244,-231,-215,-185,-142,-78,25,183,394,649,932,1177,1284,1275,1120,825,500,219,45,2,9,96,170,205,219,229,236,235,223,209,195,178,165,160,157,152,150,150,158,170,180,191,203,215,228,244,258,269,276,281,290,305,325,341,355,370,382,395,411,429,443,454,461,469,475,484,495,505,512,515,518,520,523,526,528,529,519,503,490,476,464,456,452,447,436,422,407,393,378,361,346,330,317,303,286,262,238,218,199,178,156,142,136,133,130,127,124,123,123,125,129,132,136,141,146,150,152,152,154,159,169,174,164,143,118,89,61,44,33,25,18,13,9,8,12,18,26,35,42,48,55,63,72,84,97,108,119,131,140,149,156,162,170,181,178,158,140,124,108,92,77,67,56,46,38,31,27,24,21,16,10,3,-6,-18,-30,-42,-53,-64,-77,-89,-99,-110,-120,-130,-143,-157,-171,-189,-200,-205,-207,-207,-205,-205,-207,-209,-210,-210,-208,-205,-203,-197,-192,-187,-180,-174,-170,-164,-155,-147,-142,-141,-144,-149,-159,-170,-181,-195,-206,-209,-203,-191,-178,-170,-166,-162,-159,-155,-150,-143,-136,-130,-127,-125,-122,-118,-111,-103,-94,-85,-78,-75,-74,-75,-75,-75,-74,-73,-74,-78,-81,-86,-90,-92,-92,-92,-93,-95,-96,-98,-103,-108,-114,-122,-136,-146,-138,-114,-42,84,261,485,737,968,1095,1097,976,689,320,-40,-315,-413,-419,-333,-216,-119,-50,-25,-8,-3,-4,-6,-7,-8,-8,-7,-7,-6,-5,-7,-11,-14,-15,-14,-14,-14,-15,-19,-25,-31,-39,-46,-52,-61,-79,-93,-100,-106,-111,-116,-117,-118,-120,-121,-119,-114,-106,-96,-82,-58,-17,10,31,55,81,107,129,160,195,216,228,243,264,282,299,313,320,317,307,293,277,257,239,215,178,135,93,51,11,-21,-46,-78,-92,-101,-110,-117,-122,-124,-126,-126,-124,-123,-121,-118,-114,-110,-106,-105,-106,-108,-112,-117,-122,-128,-133,-136,-139,-145,-150,-154,-155,-157,-158,-158,-158,-160,-163,-164,-167,-172,-177,-184,-191,-199,-210,-223,-237,-249,-260,-273,-285,-298,-309,-320,-331,-340,-349,-356,-364,-371,-376,-379,-377,-371,-363,-353,-344,-338,-333,-329,-324,-320,-317,-314,-312,-311,-310,-310,-311,-311,-312,-312,-311,-309,-307,-304,-300,-296,-292,-288,-284,-281,-278,-276,-273,-270,-268,-265,-263,-261,-259,-259,-259,-261,-262,-264,-266,-268,-269,-270,-269,-268,-267,-265,-262,-259,-256,-251,-246,-239,-232,-220,-206,-193,-183,-174,-167,-162,-157,-153,-150,-146,-142,-140,-138,-137,-137,-138,-140,-142,-144,-146,-147,-148,-149,-151,-154,-157,-161,-166,-171,-175,-179,-182,-185,-190,-199,-207,-205,-187,-156,-72,50,219,429,652,861,1006,1025,970,721,361,-9,-337,-505,-530,-486,-368,-241,-133,-45,-10,20,45,67,89,109,133,159,173,178,179,180,180,181,182,182,183,183,184,184,185,185,185,186,188,191,195,200,207,214,227,255,282,306,325,344,363,377,388,397,407,418,429,440,452,465,478,487,495,501,506,512,517,521,524,523,519,513,504,491,474,446,418,389,360,330,305,283,265,250,242,236,230,225,221,218,217,216,217,220,225,231,239,247,256,266,278,292,304,313,321,327,333,339,344,348,352,356,358,360,361,360,358,355,351,345,339,332,324,315,297,262,243,220,186,148,111,72,36,2,-34,-67,-90,-108,-119,-127,-134,-139,-140,-138,-132,-124,-113,-97,-73,-47,-21,2,18,27,33,39,42,43,40,31,21,9,0,-10,-21,-32,-40,-47,-55,-63,-73,-88,-104,-121,-138,-156,-174,-193,-205,-215,-224,-232,-238,-242,-243,-242,-240,-237,-233,-227,-220,-212,-198,-171,-145,-112,-73,-45,-23,2,22,36,51,68,84,102,122,140,156,162,167,171,176,180,183,187,191,192,191,188,183,177,170,163,156,150,143,136,127,117,107,100,97,97,100,106,117,155,232,346,517,729,979,1229,1396,1413,1335,1054,652,242,-86,-251,-306,-285,-222,-162,-143,-132,-132,-141,-155,-172,-197,-230,-248,-258,-266,-272,-277,-281,-284,-287,-290,-294,-297,-300,-303,-307,-311,-318,-324,-330,-333,-337,-340,-342,-345,-347,-351,-354,-354,-350,-344,-335,-322,-304,-275,-249,-216,-172,-127,-82,-37,4,43,85,130,172,213,252,284,308,335,364,392,408,417,425,432,435,435,428,416,403,384,356,331,310,291,272,250,224,194,164,140,120,106,99,94,91,87,83,80,79,79,81,88,97,108,118,128,137,147,157,166,176,185,195,206,217,229,243,258,272,286,299,312,323,334,342,348,349,345,336,325,313,302,291,281,270,258,247,238,231,225,220,216,214,211,208,204,200,197,194,192,192,194,198,204,211,220,230,241,256,285,312,337,353,367,380,389,394,396,395,392,387,379,369,356,337,303,268,238,212,195,187,182,179,178,177,177,177,177,177,178,181,184,188,192,196,201,205,208,210,212,214,214,213,211,208,205,200,194,188,181,173,164,148,110,82,55,26,-8,-43,-78,-111,-144,-176,-211,-248,-285,-323,-355,-384,-411,-437,-450,-459,-467,-473,-478,-482,-485,-487,-488,-487,-485,-481,-476,-468,-458,-447,-422,-375,-289,-152,28,251,487,671,696,644,389,6,-412,-766,-958,-1021,-998,-930,-830,-750,-729,-724,-721,-718,-716,-716,-718,-721,-722,-726,-731,-736,-739,-740,-742,-744,-745,-746,-743,-732,-719,-705,-693,-680,-668,-656,-645,-635,-625,-615,-605,-595,-586,-576,-567,-559,-554,-550,-546,-542,-537,-532,-527,-520,-513,-504,-492,-476,-459,-437,-405,-383,-367,-357,-350,-343,-337,-332,-330,-329,-330,-332,-338,-348,-358,-369,-381,-394,-412,-431,-443,-453,-462,-468,-474,-480,-484,-489,-492,-493,-491,-485,-474,-461,-446,-434,-424,-417,-411,-407,-404,-400,-396,-393,-391,-389,-388,-389,-390,-391,-391,-391,-390,-387,-384,-380,-375,-370,-367,-364,-360,-356,-352,-349,-344,-338,-332,-328,-324,-318,-312,-306,-300,-288,-271,-254,-244,-236,-229,-221,-216,-212,-209,-206,-203,-202,-202,-203,-203,-204,-205,-206,-207,-209,-211,-215,-218,-220,-223,-226,-227,-228,-227,-227,-227,-226,-224,-221,-218,-215,-209,-202,-195,-188,-181,-174,-166,-158,-149,-137,-121,-104,-89,-77,-67,-59,-52,-47,-43,-38,-34,-30,-27,-24,-19,-14,-8,-2,4,13,23,33,50,81,111,138,172,211,251,281,304,324,344,363,384,407,435,468,482,490,497,504,510,515,519,522,526,529,530,530,531,531,531,532,533,534,532,530,527,522,520,518,519,522,524,528,532,538,546,556,590,666,792,946,1134,1346,1549,1699,1717,1648,1384,1024,643,348,219,208,284,400,507,540,562,583,601,618,639,664,679,688,694,698,702,705,706,701,687,668,650,635,621,608,596,587,581,578,579,582,587,594,601,608,615,620,625,630,636,641,645,646,644,638,630,621,612,605,600,594,590,588,587,587,587,587,587,586,583,578,573,568,562,555,548,541,533,523,512,493,472,452,435,420,404,387,369,352,340,332,324,315,304,292,277,261,246,231,216,202,188,175,162,149,135,122,108,92,72,54,39,30,23,17,11,6,0,-6,-13,-19,-27,-38,-57,-90,-113,-125,-133,-141,-148,-153,-158,-159,-159,-158,-154,-147,-139,-130,-120,-110,-101,-94,-86,-77,-68,-60,-55,-51,-51,-53,-58,-63,-69,-75,-80,-84,-88,-91,-95,-99,-102,-105,-107,-109,-110,-109,-107,-105,-103,-99,-96,-93,-90,-86,-83,-80,-78,-76,-74,-73,-72,-71,-71,-69,-68,-67,-66,-66,-66,-68,-70,-74,-77,-81,-84,-87,-88,-87,-86,-85,-82,-80,-78,-78,-77,-77,-76,-74,-72,-68,-63,-58,-54,-53,-57,-66,-77,-88,-97,-107,-117,-127,-135,-143,-150,-155,-159,-163,-166,-168,-169,-170,-171,-172,-172,-173,-174,-175,-176,-178,-180,-181,-183,-185,-188,-192,-196,-203,-213,-225,-245,-266,-285,-302,-312,-320,-327,-332,-336,-339,-341,-343,-343,-342,-341,-340,-338,-334,-328,-320,-312,-294,-258,-207,-131,-27,115,296,512,730,895,918,874,631,282,-109,-454,-675,-716,-701,-585,-468,-368,-311,-280,-264,-254,-246,-236,-228,-220,-212,-203,-193,-183,-173,-163,-155,-147,-141,-137,-134,-131,-130,-129,-128,-127,-126,-125,-124,-123,-122,-120,-118,-117,-115,-113,-109,-105,-99,-92,-84,-69,-33,-7,27,70,111,153,197,248,289,314,337,359,382,406,418,423,427,432,436,434,422,402,368,318,281,252,223,194,164,138,113,87,64,44,27,14,5,0,-3,-6,-8,-9,-9,-8,-6,-4,-2,-1,-1,-2,-4,-5,-7,-8,-9,-9,-10,-11,-12,-15,-21,-29,-40,-52,-63,-74,-86,-100,-118,-130,-138,-145,-152,-158,-160,-157,-148,-136,-122,-106,-88,-69,-52,-38,-26,-14,-3,6,17,28,38,45,49,52,53,55,56,56,57,58,59,58,57,56,53,50,46,43,41,39,37,37,37,37,36,35,34,33,31,27,23,17,10,1,-10,-30,-50,-70,-79,-86,-92,-96,-99,-100,-101,-101,-103,-105,-107,-109,-110,-111,-113,-115,-117,-120,-123,-127,-136,-155,-170,-178,-185,-191,-196,-198,-198,-194,-186,-176,-166,-156,-141,-129,-124,-120,-118,-115,-112,-110,-110,-112,-116,-122,-128,-133,-139,-144,-150,-155,-161,-166,-171,-175,-180,-187,-197,-216,-233,-246,-263,-283,-305,-321,-334,-343,-348,-352,-357,-364,-363,-346,-322,-291,-261,-227,-190,-155,-101,-40,45,169,332,532,765,982,1109,1109,986,684,293,-89,-371,-475,-479,-399,-258,-136,-32,29,62,77,86,94,97,98,95,88,78,67,54,35,18,5,-3,-10,-17,-21,-22,-19,-13,-4,4,14,25,37,47,57,66,74,82,90,97,105,114,123,131,138,145,152,159,166,173,182,194,210,227,245,265,284,296,302,307,313,317,319,318,312,302,290,278,262,246,235,225,206,175,147,127,109,92,75,45,30,21,15,10,5,1,-2,-5,-8,-11,-15,-18,-19,-20,-21,-22,-23,-23,-24,-26,-27,-28,-30,-31,-33,-34,-35,-37,-39,-40,-42,-45,-47,-49,-51,-52,-53,-52,-51,-49,-46,-40,-37,-35,-32,-29,-25,-21,-17,-13,-8,-3,3,9,15,20,23,25,26,26,23,20,16,11,7,2,-3,-9,-15,-20,-25,-31,-37,-44,-51,-57,-60,-61,-59,-54,-48,-40,-32,-24,-17,-11,-5,1,8,15,21,27,32,36,39,43,45,47,48,49,50,52,55,57,60,62,64,65,66,67,68,69,70,71,71,71,70,68,65,61,56,50,44,38,32,26,20,17,14,12,9,7,4,1,0,-2,-5,-7,-10,-13,-15,-17,-18,-18,-19,-21,-24,-27,-31,-36,-42,-50,-59,-69,-79,-87,-94,-101,-107,-112,-117,-123,-128,-133,-139,-145,-149,-154,-158,-163,-169,-177,-191,-201,-200,-186,-160,-82,44,216,429,661,864,957,945,790,463,61,-318,-584,-676,-674,-572,-468,-387,-344,-311,-287,-261,-251,-245,-239,-235,-232,-229,-227,-224,-221,-217,-212,-208,-205,-202,-200,-197,-195,-192,-190,-189,-188,-186,-185,-182,-180,-178,-175,-173,-170,-168,-166,-165,-163,-161,-158,-155,-150,-145,-138,-128,-109,-88,-71,-54,-36,-15,4,24,35,44,51,57,61,64,65,63,60,54,48,40,30,19,1,-15,-29,-41,-58,-81,-110,-134,-151,-166,-181,-194,-201,-207,-212,-217,-221,-225,-228,-230,-232,-232,-232,-232,-231,-230,-227,-223,-219,-214,-208,-201,-190,-164,-139,-119,-103,-89,-75,-61,-50,-41,-33,-26,-20,-14,-9,-6,-5,-3,-4,-3,-1,0,0,2,5,7,10,12,13,14,15,17,20,24,30,42,56,69,83,102,127,151,175,198,225,241,251,260,267,274,280,285,290,296,306,322,332,338,343,348,352,351,340,324,307,288,267,246,229,215,202,190,178,167,154,140,128,118,108,97,85,72,56,46,37,30,24,21,21,25,32,41,52,64,83,102,120,138,156,174,193,216,243,269,290,308,327,348,365,380,392,398,402,405,408,410,412,414,416,417,415,409,400,390,380,368,354,338,325,314,302,284,260,237,220,207,194,178,161,146,131,118,107,99,90,76,56,42,32,22,17,27,55,135,272,472,724,987,1214,1311,1296,1117,763,349,-38,-314,-445,-457,-394,-289,-206,-165,-148,-140,-134,-129,-127,-126,-125,-125,-128,-132,-137,-142,-147,-152,-158,-164,-168,-170,-168,-162,-155,-148,-140,-128,-117,-107,-98,-92,-87,-83,-80,-76,-72,-68,-63,-59,-53,-45,-36,-16,21,51,72,90,97,102,106,110,114,116,119,120,121,122,122,122,121,119,117,113,109,104,99,93,86,77,53,18,-3,-18,-30,-40,-47,-51,-54,-57,-58,-59,-59,-59,-60,-60,-60,-60,-60,-60,-60,-59,-58,-57,-57,-56,-54,-51,-47,-43,-39,-34,-30,-26,-23,-19,-16,-13,-10,-6,-1,3,9,16,22,28,34,40,47,53,58,63,67,70,74,79,83,87,91,94,98,101,104,107,110,112,114,116,118,121,123,126,128,130,131,133,134,136,137,137,137,138,138,138,137,136,134,132,130,128,126,124,123,121,120,119,120,120,121,121,121,121,122,122,123,124,125,127,130,134,138,143,147,152,156,160,164,168,172,175,180,185,190,196,202,208,213,217,219,221,221,219,217,214,212,209,206,204,202,201,199,197,196,194,191,189,186,184,180,176,172,168,163,157,151,143,131,107,91,80,76,72,68,64,61,58,56,55,54,54,54,54,56,57,59,60,61,61,60,58,56,54,52,50,48,47,45,43,40,37,35,27,4,2,23,81,196,363,576,828,1060,1162,1145,951,591,155,-242,-510,-605,-607,-520,-400,-307,-252,-230,-223,-216,-210,-205,-201,-195,-191,-188,-184,-181,-179,-178,-178,-179,-180,-180,-180,-181,-182,-184,-186,-188,-190,-194,-197,-201,-204,-207,-209,-212,-215,-219,-223,-228,-232,-243,-254,-259,-255,-244,-227,-207,-176,-135,-111,-93,-79,-68,-60,-57,-55,-55,-55,-55,-54,-52,-51,-50,-50,-55,-66,-81,-99,-124,-165,-192,-214,-233,-253,-275,-298,-320,-340,-357,-378,-402,-425,-441,-452,-461,-469,-477,-483,-489,-493,-496,-499,-502,-505,-508,-510,-511,-510,-509,-506,-502,-496,-490,-482,-475,-466,-453,-441,-432,-423,-417,-411,-407,-403,-400,-396,-393,-388,-383,-378,-372,-368,-365,-362,-360,-357,-354,-352,-350,-347,-344,-341,-337,-334,-331,-329,-328,-326,-324,-322,-319,-316,-312,-307,-301,-293,-284,-276,-270,-268,-267,-266,-266,-266,-266,-266,-266,-266,-266,-267,-268,-268,-269,-270,-272,-274,-276,-277,-278,-278,-278,-277,-276,-274,-272,-268,-264,-259,-254,-245,-223,-202,-185,-169,-153,-135,-119,-104,-90,-79,-69,-60,-50,-39,-26,-11,2,15,29,44,58,75,94,108,118,121,124,126,129,131,132,133,133,134,134,135,135,135,136,137,138,139,140,141,143,145,147,150,153,157,162,166,174,193,209,223,231,237,242,246,248,250,250,248,245,241,238,236,235,233,232,229,227,224,221,219,216,214,212,212,212,213,213,214,214,213,212,210,205,217,253,311,397,518,682,888,1112,1312,1413,1407,1272,962,559,159,-147,-279,-291,-217,-105,-8,52,72,87,100,111,119,127,137,149,158,164,169,174,179,183,187,190,194,197,200,203,205,206,207,207,208,209,210,212,213,214,215,217,218,219,221,222,223,224,226,227,228,230,234,239,245,252,264,290,310,336,370,399,420,432,438,443,447,450,452,452,451,447,440,432,421,405,376,351,318,284,256,225,192,153,119,99,84,72,58,41,18,5,-1,-6,-10,-15,-20,-25,-30,-36,-43,-52,-64,-83,-102,-123,-138,-151,-162,-168,-168,-168,-169,-169,-169,-168,-167,-167,-166,-165,-163,-161,-157,-151,-146,-142,-138,-134,-130,-126,-122,-119,-117,-116,-115,-115,-115,-118,-121,-126,-133,-141,-149,-159,-177,-193,-209,-220,-231,-239,-243,-242,-235,-225,-215,-206,-198,-189,-179,-169,-158,-148,-141,-134,-127,-120,-115,-111,-107,-104,-101,-98,-95,-93,-91,-90,-88,-85,-82,-79,-76,-75,-75,-78,-81,-85,-89,-94,-101,-112,-119,-112,-95,-81,-67,-56,-47,-39,-34,-30,-26,-22,-19,-16,-11,-7,-1,3,9,15,23,32,43,53,61,69,78,89,104,119,135,149,162,173,184,193,199,205,210,215,218,219,217,213,207,198,190,180,168,154,142,131,120,104,82,52,36,25,18,11,6,1,-3,-8,-11,-14,-17,-21,-25,-31,-38,-42,-41,-35,-25,-11,12,55,132,245,405,631,915,1217,1469,1584,1519,1279,916,533,226,96,86,161,272,360,417,438,437,420,395,359,318,278,244,218,191,178,171,164,157,151,146,142,140,139,139,140,142,145,149,154,159,166,172,178,185,196,208,218,226,233,240,249,260,272,285,300,318,342,363,379,391,403,416,430,445,463,482,502,513,523,532,538,543,545,543,538,531,521,509,490,457,439,416,382,343,303,262,219,180,152,125,90,43,20,10,3,-2,-6,-10,-16,-23,-28,-34,-40,-47,-55,-64,-78,-93,-107,-122,-135,-144,-151,-158,-164,-170,-175,-180,-185,-189,-193,-198,-202,-207,-212,-219,-229,-239,-250,-260,-269,-281,-298,-324,-358,-382,-400,-414,-419,-418,-417,-415,-413,-412,-411,-410,-409,-409,-409,-408,-407,-406,-404,-402,-399,-396,-394,-394,-394,-398,-406,-416,-426,-434,-443,-453,-462,-470,-479,-488,-497,-504,-511,-515,-520,-524,-528,-533,-537,-540,-543,-546,-548,-549,-549,-548,-547,-545,-543,-540,-538,-534,-529,-524,-519,-514,-507,-500,-492,-482,-462,-443,-428,-416,-403,-388,-378,-372,-368,-364,-361,-359,-358,-356,-354,-350,-345,-339,-331,-322,-312,-298,-274,-249,-226,-211,-199,-188,-179,-172,-167,-163,-160,-158,-156,-155,-153,-150,-147,-145,-144,-147,-156,-168,-180,-190,-200,-211,-221,-227,-228,-224,-218,-209,-199,-186,-166,-146,-126,-106,-86,-66,-47,-24,3,31,67,113,197,315,480,695,946,1193,1382,1409,1356,1098,738,348,52,-64,-103,-71,25,119,171,212,241,251,258,264,267,268,263,256,251,248,245,243,241,238,235,234,236,241,249,258,269,282,299,328,351,369,382,392,402,412,423,433,446,461,482,503,524,543,560,577,595,613,631,648,664,677,689,698,705,713,719,722,724,722,718,713,705,695,682,656,626,599,575,555,538,510,467,428,400,365,340,323,308,291,273,257,248,241,234,228,224,220,216,212,209,206,202,198,195,192,189,186,183,179,175,170,165,157,148,138,128,118,108,100,94,89,85,81,77,74,70,65,60,56,51,46,41,36,32,27,21,15,9,2,-4,-11,-17,-24,-31,-38,-44,-49,-55,-61,-66,-70,-73,-77,-80,-83,-86,-90,-96,-101,-107,-114,-120,-126,-131,-137,-142,-147,-153,-160,-169,-181,-194,-208,-221,-234,-247,-259,-271,-283,-298,-313,-325,-330,-330,-331,-331,-332,-333,-334,-335,-336,-336,-336,-335,-334,-332,-330,-327,-325,-322,-320,-318,-316,-314,-312,-311,-309,-308,-307,-306,-305,-304,-303,-301,-300,-297,-294,-290,-285,-280,-275,-270,-265,-261,-256,-250,-242,-234,-225,-217,-209,-203,-199,-199,-200,-205,-212,-221,-232,-245,-258,-272,-286,-308,-330,-341,-341,-340,-338,-337,-336,-334,-332,-330,-328,-326,-324,-322,-319,-316,-313,-310,-308,-305,-301,-297,-291,-283,-268,-229,-149,-30,130,335,566,778,896,895,766,468,88,-294,-551,-655,-655,-560,-422,-296,-189,-119,-72,-48,-30,-15,-3,4,12,21,32,43,55,69,83,92,99,107,115,122,130,138,147,155,163,171,178,185,192,199,207,215,223,230,237,243,248,253,259,266,276,290,312,336,360,382,398,411,423,433,442,450,456,461,466,471,475,480,486,492,497,501,501,495,485,471,455,433,394,357,325,299,273,247,222,196,170,146,127,110,96,88,85,84,82,81,79,77,76,76,79,87,100,114,125,132,136,139,142,145,148,152,155,159,162,165,166,167,166,164,163,161,160,159,159,160,162,162,161,159,158,155,151,148,146,146,147,149,151,153,155,157,159,160,161,162,164,165,168,171,175,178,181,185,188,190,192,194,195,196,196,196,196,196,196,196,197,198,199,197,190,179,165,152,140,133,127,122,118,115,112,108,104,101,98,94,91,89,87,86,85,83,82,81,80,78,78,77,78,80,83,87,91,98,105,112,122,132,143,155,182,208,214,216,217,219,222,224,224,224,223,219,209,195,180,165,147,127,101,78,66,58,51,45,40,36,32,27,22,18,15,14,12,10,9,8,4,-1,-12,-21,-27,-23,-5,25,117,243,405,608,841,1053,1148,1136,973,637,236,-153,-424,-541,-550,-485,-389,-305,-248,-214,-196,-183,-172,-167,-166,-166,-169,-174,-182,-194,-207,-218,-226,-233,-240,-249,-256,-260,-264,-265,-262,-256,-248,-238,-228,-217,-205,-189,-172,-157,-142,-127,-110,-91,-73,-56,-40,-26,-13,-1,9,23,38,52,62,73,82,92,100,107,112,114,115,114,112,107,101,94,85,74,57,21,-11,-44,-78,-116,-147,-171,-189,-204,-216,-223,-228,-233,-238,-241,-244,-245,-245,-243,-239,-235,-230,-225,-220,-215,-212,-208,-205,-202,-198,-194,-190,-187,-184,-181,-178,-176,-175,-175,-177,-179,-181,-184,-188,-192,-195,-199,-202,-206,-210,-214,-219,-224,-228,-233,-236,-239,-241,-244,-246,-248,-251,-255,-259,-264,-269,-274,-279,-283,-286,-290,-294,-297,-300,-302,-305,-307,-308,-308,-309,-309,-308,-307,-306,-305,-305,-304,-304,-304,-303,-303,-303,-302,-302,-302,-303,-304,-307,-310,-313,-314,-315,-315,-315,-314,-312,-311,-311,-314,-317,-310,-297,-289,-284,-278,-271,-265,-258,-252,-246,-241,-237,-234,-232,-230,-228,-226,-222,-218,-215,-212,-209,-208,-207,-208,-208,-207,-205,-204,-201,-198,-195,-193,-192,-192,-192,-193,-194,-195,-196,-197,-198,-200,-202,-205,-208,-213,-217,-222,-227,-235,-243,-252,-261,-271,-282,-293,-305,-319,-331,-340,-344,-346,-347,-348,-350,-351,-353,-356,-358,-357,-355,-349,-341,-331,-311,-273,-212,-111,37,233,470,706,874,897,840,580,225,-160,-490,-673,-704,-682,-571,-469,-399,-379,-365,-355,-346,-337,-333,-329,-326,-324,-324,-326,-326,-325,-323,-320,-317,-314,-311,-309,-307,-305,-302,-296,-289,-280,-265,-232,-208,-177,-140,-106,-71,-36,0,28,50,74,106,146,179,205,233,260,288,313,345,383,411,434,466,491,511,524,528,531,534,538,540,542,541,535,524,511,497,476,457,439,421,402,385,370,355,340,328,320,316,315,314,314,313,312,311,311,310,309,309,309,309,309,309,308,306,305,302,300,297,294,291,288,287,286,286,288,292,297,304,311,317,323,329,336,342,348,352,356,361,364,366,369,373,378,382,387,391,394,398,400,402,404,407,410,413,415,416,415,412,407,401,393,382,366,351,337,321,302,284,267,249,231,205,173,149,132,119,108,102,99,96,94,92,90,89,88,89,89,89,88,90,91,92,94,97,100,101,101,103,104,104,104,104,106,108,109,109,110,112,110,106,100,94,86,77,63,49,34,27,22,19,17,14,9,4,0,-2,-5,-11,-17,-27,-45,-60,-68,-72,-74,-76,-77,-78,-78,-79,-80,-82,-82,-81,-80,-80,-81,-81,-81,-83,-88,-93,-97,-101,-106,-107,-101,-95,-83,-69,-19,81,230,417,651,881,1057,1108,1000,739,383,-25,-342,-550,-607,-548,-442,-369,-292,-254,-225,-191,-172,-164,-158,-154,-148,-144,-141,-136,-131,-126,-118,-107,-93,-85,-79,-73,-68,-65,-62,-60,-58,-57,-56,-54,-51,-49,-46,-43,-39,-29,-18,-4,11,31,53,72,87,100,113,126,138,151,164,176,185,193,201,210,222,239,258,283,306,314,318,322,324,325,322,316,307,289,259,239,227,214,201,190,170,140,112,92,73,65,61,58,57,57,56,55,55,56,55,52,51,50,49,47,43,39,34,27,17,-2,-19,-33,-50,-69,-93,-111,-124,-138,-155,-170,-177,-182,-186,-190,-193,-195,-197,-198,-200,-202,-204,-206,-207,-208,-209,-209,-210,-210,-211,-212,-214,-216,-219,-223,-228,-233,-239,-247,-256,-265,-275,-285,-294,-304,-313,-322,-331,-340,-350,-360,-372,-385,-399,-412,-426,-438,-445,-449,-452,-453,-454,-454,-456,-458,-460,-459,-454,-447,-439,-429,-421,-413,-404,-395,-385,-376,-367,-356,-345,-334,-325,-316,-308,-301,-293,-283,-273,-264,-256,-248,-241,-236,-232,-229,-226,-224,-225,-227,-230,-235,-240,-246,-250,-255,-260,-264,-266,-266,-264,-258,-250,-240,-230,-217,-197,-176,-155,-141,-130,-121,-114,-108,-102,-96,-90,-85,-81,-78,-76,-74,-75,-75,-76,-78,-81,-84,-86,-88,-90,-95,-100,-100,-98,-97,-95,-94,-92,-91,-90,-88,-87,-88,-93,-98,-103,-107,-113,-118,-113,-94,-44,29,149,313,528,769,996,1155,1171,1091,813,430,42,-269,-422,-444,-393,-300,-215,-145,-115,-90,-78,-72,-67,-64,-61,-57,-53,-47,-43,-41,-40,-40,-40,-40,-38,-35,-33,-30,-27,-24,-21,-19,-17,-14,-9,-3,4,13,22,32,42,52,60,68,77,90,105,121,139,160,185,211,238,261,282,299,315,331,351,373,392,401,407,413,419,422,421,416,406,393,376,357,329,311,299,287,276,260,237,218,201,185,169,154,144,134,123,112,103,95,89,85,86,88,88,86,83,80,76,72,70,70,70,70,68,65,60,52,44,38,35,34,33,33,33,32,31,29,25,23,21,19,17,15,17,19,21,23,24,25,25,25,25,26,29,32,36,41,46,49,52,53,53,53,52,53,55,57,60,62,63,60,53,43,31,19,5,-12,-27,-36,-44,-49,-54,-59,-63,-65,-66,-63,-55,-43,-31,-20,-11,-3,3,10,16,22,27,33,38,44,48,53,57,61,64,67,70,72,74,76,78,79,80,80,81,80,78,75,72,68,64,60,56,53,51,50,48,47,46,45,42,39,36,34,35,41,50,61,75,91,115,135,152,162,170,176,181,184,186,187,186,185,181,176,169,159,148,132,101,71,51,37,26,18,12,8,5,4,2,0,-1,-3,-5,-7,-9,-10,-8,-5,-2,3,12,24,40,104,199,326,490,687,902,1119,1257,1268,1174,868,475,63,-254,-385,-392,-305,-196,-117,-89,-66,-56,-53,-49,-45,-44,-42,-40,-38,-37,-37,-38,-39,-39,-37,-36,-34,-31,-27,-24,-22,-20,-18,-15,-12,-8,-2,3,14,26,36,47,58,68,77,85,94,102,111,120,130,140,151,167,193,216,234,250,265,278,287,293,297,302,306,310,313,314,310,302,290,275,257,231,212,197,178,155,126,96,67,33,14,2,-7,-14,-21,-28,-34,-40,-45,-49,-51,-53,-55,-56,-58,-60,-62,-64,-66,-67,-68,-69,-69,-70,-69,-68,-68,-67,-65,-64,-62,-62,-63,-63,-64,-66,-69,-71,-74,-76,-79,-83,-87,-93,-96,-98,-101,-104,-107,-110,-113,-115,-116,-116,-117,-118,-118,-118,-119,-119,-119,-119,-120,-120,-120,-120,-119,-118,-118,-118,-117,-117,-118,-119,-120,-122,-125,-127,-129,-131,-132,-134,-135,-136,-137,-138,-139,-140,-141,-141,-142,-143,-144,-145,-146,-147,-148,-148,-148,-147,-145,-142,-137,-132,-126,-120,-113,-107,-101,-96,-92,-88,-84,-80,-76,-72,-69,-65,-60,-56,-52,-48,-45,-42,-38,-35,-30,-26,-20,-12,-3,4,9,12,13,15,15,16,17,18,19,19,18,14,7,0,-6,-11,-16,-21,-25,-30,-33,-35,-37,-38,-38,-39,-40,-40,-39,-37,-36,-34,-33,-31,-29,-26,-21,-16,-10,-4,28,97,205,362,571,818,1041,1179,1188,1093,793,397,-6,-337,-488,-501,-423,-309,-221,-161,-143,-122,-99,-88,-81,-75,-69,-64,-61,-58,-56,-54,-53,-51,-49,-47,-45,-45,-45,-46,-47,-47,-47,-47,-46,-46,-46,-44,-42,-38,-34,-28,-20,-11,-2,5,12,20,26,33,39,45,51,57,65,77,99,124,146,164,184,206,219,229,237,245,251,254,255,254,251,246,240,232,223,211,190,170,152,130,104,79,55,30,6,-17,-40,-61,-82,-102,-119,-125,-128,-131,-133,-136,-138,-140,-141,-143,-145,-146,-147,-148,-148,-147,-147,-146,-145,-144,-142,-141,-139,-138,-136,-135,-134,-132,-132,-131,-130,-129,-128,-128,-127,-126,-125,-124,-124,-123,-122,-122,-122,-123,-123,-123,-124,-125,-125,-126,-126,-125,-123,-121,-119,-117,-115,-113,-111,-109,-108,-107,-106,-105,-102,-97,-92,-87,-84,-84,-85,-87,-90,-94,-101,-100,-87,-81,-77,-74,-71,-68,-66,-63,-61,-58,-55,-53,-52,-52,-51,-51,-51,-50,-49,-49,-49,-48,-47,-45,-44,-42,-41,-40,-39,-38,-36,-33,-29,-26,-22,-18,-13,-6,0,5,7,8,10,12,14,15,17,18,19,19,18,16,13,10,5,1,-1,-4,-7,-9,-11,-13,-15,-17,-20,-22,-25,-29,-32,-36,-40,-44,-46,-48,-50,-50,-48,-44,-40,-34,-28,-23,-18,-14,-10,-6,-2,1,4,7,8,8,8,7,6,4,1,-1,-6,-12,-16,-17,-15,-10,-4,2,14,15,5,1,0,-3,-5,-8,-10,-12,-15,-18,-21,-23,-25,-27,-29,-33,-42,-47,-42,-33,-6,48,133,258,418,613,830,1031,1146,1144,1014,692,301,-66,-341,-436,-439,-360,-258,-192,-163,-141,-115,-93,-76,-62,-53,-47,-43,-39,-34,-27,-20,-13,-7,0,5,10,14,16,18,19,20,21,21,22,23,24,26,27,25,20,14,9,3,-1,-4,-1,7,18,28,41,54,66,78,92,108,122,135,149,167,186,206,225,240,248,254,259,262,264,264,261,255,247,239,228,211,196,183,162,134,109,82,58,41,25,10,-4,-22,-41,-59,-78,-95,-109,-117,-122,-126,-129,-133,-134,-131,-122,-114,-108,-103,-98,-94,-89,-84,-79,-76,-73,-71,-67,-62,-54,-46,-41,-36,-31,-26,-21,-14,-4,4,12,19,26,32,35,35,31,26,19,13,6,-2,-12,-21,-29,-37,-46,-55,-63,-67,-70,-71,-71,-71,-72,-73,-74,-74,-76,-77,-80,-83,-87,-90,-93,-95,-98,-100,-102,-103,-105,-107,-108,-110,-113,-116,-118,-120,-122,-124,-125,-127,-128,-129,-129,-129,-129,-130,-131,-132,-133,-134,-135,-135,-136,-137,-137,-137,-136,-134,-133,-131,-129,-127,-124,-122,-119,-117,-113,-102,-91,-80,-74,-70,-67,-64,-61,-58,-56,-54,-52,-50,-48,-45,-43,-40,-38,-35,-32,-28,-23,-12,-4,0,4,7,11,13,14,11,4,-4,-14,-26,-38,-50,-62,-74,-86,-98,-111,-125,-132,-136,-140,-145,-147,-139,-124,-116,-111,-106,-101,-98,-95,-91,-87,-84,-82,-80,-77,-75,-72,-68,-58,-47,-32,11,99,232,419,651,890,1092,1191,1123,876,489,67,-293,-532,-620,-576,-480,-378,-287,-238,-211,-191,-175,-159,-148,-140,-131,-122,-112,-101,-89,-77,-67,-54,-39,-20,-9,-2,2,6,11,16,20,24,29,35,43,53,64,75,84,92,99,106,113,119,125,133,141,150,158,167,182,205,228,252,275,292,310,329,347,360,366,371,375,378,380,381,380,377,372,366,360,353,342,331,322,312,301,289,276,261,249,239,230,220,210,201,195,190,184,180,176,175,176,178,182,185,188,191,193,195,197,198,199,200,201,202,204,205,205,206,206,207,208,209,211,213,215,217,220,223,226,230,234,238,242,247,253,260,266,271,273,273,271,267,263,258,252,246,239,231,223,215,206,196,184,170,156,143,132,120,108,96,86,76,65,53,39,25,13,5,-2,-10,-20,-29,-38,-46,-54,-61,-68,-73,-77,-80,-82,-84,-87,-89,-92,-95,-98,-101,-104,-103,-99,-93,-85,-77,-72,-66,-60,-55,-50,-46,-44,-44,-46,-50,-55,-61,-67,-75,-84,-101,-116,-130,-137,-142,-147,-152,-157,-160,-163,-164,-164,-162,-159,-155,-150,-143,-136,-128,-117,-98,-79,-62,-52,-44,-37,-31,-27,-24,-24,-26,-31,-37,-43,-49,-56,-62,-69,-77,-84,-89,-90,-89,-86,-81,-75,-67,-56,-37,-20,-10,-2,4,9,9,3,-7,-20,-34,-55,-66,-61,-45,-1,89,220,395,606,817,977,1033,945,705,354,-34,-370,-603,-656,-649,-557,-454,-346,-264,-209,-195,-186,-181,-175,-168,-162,-158,-152,-144,-130,-117,-103,-90,-78,-64,-48,-31,-14,0,15,22,27,31,34,36,38,40,42,44,46,48,50,51,53,54,56,57,60,63,67,75,93,112,130,144,158,172,187,201,216,231,241,250,258,264,266,265,261,255,248,234,208,185,169,153,132,103,70,39,17,2,-12,-28,-52,-93,-122,-138,-149,-156,-159,-162,-163,-164,-165,-166,-165,-165,-165,-164,-162,-161,-159,-157,-155,-152,-150,-148,-147,-145,-143,-141,-139,-137,-135,-133,-132,-132,-132,-133,-134,-134,-135,-136,-136,-137,-138,-139,-141,-142,-145,-148,-151,-155,-158,-161,-163,-166,-168,-170,-173,-177,-181,-185,-189,-191,-192,-190,-186,-180,-172,-163,-154,-144,-130,-115,-101,-88,-74,-60,-47,-33,-19,-4,9,21,34,46,53,55,55,56,56,57,57,57,58,58,58,57,56,54,51,47,42,37,32,27,22,18,14,9,5,1,-1,-3,-4,-2,1,8,16,25,34,44,54,66,78,90,99,104,107,111,113,116,119,122,125,127,129,129,127,120,110,98,84,66,38,17,0,-16,-33,-51,-72,-88,-101,-112,-123,-133,-141,-149,-156,-164,-172,-178,-182,-182,-177,-168,-156,-137,-72,32,178,373,614,858,1068,1147,1124,921,567,157,-201,-440,-495,-483,-371,-262,-177,-153,-137,-127,-122,-119,-118,-118,-117,-117,-118,-118,-119,-121,-122,-124,-125,-125,-125,-124,-124,-124,-125,-125,-125,-125,-124,-122,-119,-116,-112,-107,-101,-94,-80,-65,-50,-34,-20,-7,4,18,31,46,63,84,104,122,141,159,172,181,186,191,195,198,201,202,202,199,194,188,179,168,152,122,93,68,47,26,5,-19,-47,-75,-95,-110,-121,-130,-137,-142,-144,-146,-146,-146,-146,-146,-146,-146,-147,-148,-148,-148,-147,-147,-147,-146,-145,-144,-142,-140,-138,-137,-136,-134,-133,-132,-133,-133,-134,-135,-136,-137,-137,-138,-139,-139,-140,-139,-139,-139,-139,-140,-141,-142,-142,-143,-143,-144,-145,-145,-146,-146,-147,-147,-147,-147,-148,-149,-150,-151,-153,-154,-156,-159,-161,-163,-165,-167,-169,-172,-178,-185,-193,-200,-206,-212,-217,-222,-227,-232,-238,-243,-249,-256,-264,-272,-276,-280,-285,-289,-293,-297,-300,-303,-304,-305,-305,-304,-301,-297,-293,-288,-283,-277,-271,-265,-259,-252,-246,-237,-228,-217,-206,-197,-189,-181,-173,-166,-158,-149,-139,-129,-118,-109,-98,-89,-80,-74,-69,-64,-59,-55,-52,-49,-47,-46,-45,-43,-41,-40,-40,-40,-42,-44,-47,-51,-56,-61,-68,-74,-80,-85,-89,-94,-98,-102,-106,-110,-114,-118,-122,-127,-132,-136,-139,-139,-138,-136,-134,-131,-127,-122,-115,-106,-97,-88,-76,-10,104,270,481,725,961,1133,1156,1098,830,436,11,-347,-550,-582,-544,-419,-295,-197,-148,-125,-115,-108,-102,-97,-89,-80,-73,-65,-56,-46,-35,-24,-12,1,15,28,36,43,48,53,58,63,68,73,77,82,86,90,94,98,104,111,124,139,152,165,176,184,193,202,212,221,231,244,263,294,327,343,352,361,368,374,379,382,384,385,384,382,380,376,371,365,357,349,335,306,277,252,231,211,191,170,150,133,119,105,92,77,60,43,26,10,-3,-10,-14,-18,-20,-23,-25,-27,-29,-31,-34,-38,-41,-45,-48,-51,-54,-56,-58,-61,-64,-67,-70,-74,-77,-81,-83,-85,-86,-87,-86,-84,-81,-77,-71,-64,-57,-49,-39,-20,-2,14,23,29,34,39,43,46,48,49,50,50,49,49,48,46,45,44,43,42,41,40,39,38,37,37,36,35,34,33,33,34,38,43,48,53,57,61,64,68,71,74,76,79,83,86,91,95,98,102,105,108,111,114,117,119,120,122,123,125,126,126,126,126,126,126,126,126,126,126,126,127,128,130,133,136,139,142,145,149,153,157,161,166,173,180,187,193,197,198,198,195,192,188,182,176,170,160,149,136,122,107,94,79,66,56,48,41,36,32,28,24,21,17,15,13,11,9,7,4,0,-6,-18,-5,34,107,220,376,578,810,1043,1217,1274,1171,911,537,144,-180,-371,-400,-387,-289,-190,-110,-38,5,12,18,23,27,30,33,35,36,36,37,37,37,35,32,30,30,30,31,32,32,32,32,32,32,32,33,34,36,39,43,47,53,70,86,102,117,130,143,157,173,193,218,237,252,265,281,299,317,335,350,363,372,379,385,390,393,393,389,383,373,362,346,318,294,262,220,177,137,99,61,25,-10,-38,-58,-79,-94,-106,-114,-120,-124,-127,-130,-133,-137,-139,-138,-132,-122,-113,-105,-99,-92,-85,-78,-72,-66,-60,-54,-48,-41,-33,-26,-20,-17,-14,-11,-10,-10,-9,-9,-9,-8,-8,-7,-7,-7,-6,-5,-4,-4,-4,-3,-2,0,1,3,6,8,11,15,21,26,31,35,40,45,50,55,61,67,72,79,87,95,100,105,109,112,115,118,122,125,127,128,127,125,122,117,110,103,94,80,66,55,45,35,28,20,12,3,-5,-12,-17,-20,-24,-28,-31,-34,-37,-40,-42,-44,-44,-43,-41,-38,-34,-29,-25,-19,-14,-9,-4,0,5,11,17,22,24,23,19,14,7,0,-8,-21,-32,-40,-46,-55,-66,-77,-89,-97,-103,-108,-112,-115,-117,-118,-119,-120,-120,-121,-121,-121,-121,-121,-123,-125,-126,-126,-122,-116,-106,-74,-7,100,256,453,681,899,1052,1070,1008,764,416,38,-294,-520,-571,-560,-454,-347,-258,-192,-155,-133,-120,-110,-101,-93,-86,-80,-74,-69,-67,-67,-70,-73,-77,-79,-81,-83,-86,-89,-92,-93,-94,-94,-94,-92,-89,-85,-81,-77,-73,-69,-64,-58,-51,-45,-40,-35,-28,-15,16,42,56,68,80,91,100,107,113,120,127,134,140,146,152,159,166,172,174,172,167,159,149,131,98,65,33,1,-31,-59,-79,-102,-120,-134,-144,-152,-158,-162,-166,-170,-174,-177,-177,-176,-173,-168,-163,-159,-155,-150,-145,-141,-136,-131,-126,-119,-112,-104,-98,-93,-88,-85,-81,-78,-76,-74,-72,-70,-67,-64,-61,-58,-55,-51,-48,-45,-42,-39,-37,-36,-35,-33,-32,-30,-28,-26,-24,-22,-20,-17,-15,-13,-10,-7,-5,-3,-2,0,2,4,6,9,12,15,18,22,27,33,38,42,45,47,46,44,41,35,29,22,13,0,-15,-31,-47,-62,-77,-88,-91,-91,-90,-90,-89,-89,-89,-89,-90,-91,-91,-91,-90,-90,-89,-87,-85,-82,-78,-74,-72,-70,-68,-66,-63,-61,-60,-56,-52,-48,-45,-43,-43,-47,-53,-60,-67,-75,-85,-96,-106,-116,-126,-134,-143,-152,-163,-173,-183,-192,-200,-208,-214,-219,-224,-228,-232,-237,-241,-244,-244,-238,-228,-216,-199,-173,-150,-133,-122,-112,-104,-97,-92,-85,-72,-47,-2,71,185,340,539,766,983,1120,1128,1033,753,365,-42,-371,-541,-565,-518,-403,-295,-226,-191,-171,-160,-152,-142,-131,-121,-110,-101,-92,-85,-80,-75,-71,-69,-68,-68,-67,-67,-66,-66,-66,-66,-66,-65,-64,-64,-63,-63,-63,-62,-61,-60,-58,-57,-54,-51,-47,-42,-36,-27,-8,8,24,35,44,52,58,64,69,74,79,85,95,111,128,139,147,154,159,160,157,148,136,123,107,83,65,52,36,18,-8,-31,-49,-62,-70,-76,-78,-80,-82,-85,-88,-90,-92,-93,-94,-93,-92,-91,-88,-84,-78,-73,-68,-62,-57,-51,-40,-26,-15,-4,4,10,14,18,20,22,24,25,26,27,29,32,34,37,39,42,44,47,49,53,57,61,66,75,96,111,123,134,143,152,163,175,187,197,207,217,223,227,229,231,233,236,239,242,244,240,230,217,204,186,168,150,139,131,124,117,112,106,100,94,89,84,78,74,70,67,64,60,57,53,50,48,46,46,45,44,44,44,46,47,48,49,50,51,52,55,59,62,65,69,73,77,82,86,89,92,95,99,104,109,114,118,121,123,123,121,117,112,106,99,90,79,60,39,16,5,-2,-8,-14,-19,-23,-27,-30,-33,-35,-37,-37,-37,-36,-34,-32,-29,-25,-19,-13,-7,0,40,139,291,491,719,929,1062,1068,965,679,294,-93,-394,-566,-591,-548,-434,-329,-250,-223,-214,-210,-208,-207,-206,-204,-203,-203,-204,-205,-206,-209,-213,-217,-222,-226,-230,-232,-235,-238,-241,-244,-247,-248,-249,-250,-249,-249,-247,-244,-241,-237,-233,-228,-223,-217,-210,-198,-184,-172,-157,-130,-91,-54,-17,22,59,95,132,168,205,233,251,263,272,278,284,290,293,292,287,277,263,238,198,162,121,76,31,-5,-33,-58,-78,-93,-105,-114,-121,-125,-128,-130,-132,-134,-136,-136,-137,-136,-136,-135,-135,-135,-134,-133,-133,-132,-132,-131,-130,-129,-128,-127,-126,-125,-124,-123,-123,-123,-123,-124,-126,-128,-129,-131,-133,-136,-138,-139,-140,-142,-144,-146,-148,-150,-153,-157,-160,-164,-166,-166,-163,-157,-151,-145,-139,-136,-133,-130,-126,-123,-120,-117,-115,-112,-109,-107,-106,-104,-103,-102,-101,-100,-99,-99,-98,-97,-96,-96,-96,-97,-97,-98,-99,-99,-100,-101,-101,-101,-101,-100,-99,-99,-100,-100,-100,-100,-101,-101,-102,-103,-103,-103,-101,-100,-101,-103,-106,-110,-113,-115,-118,-121,-124,-126,-128,-128,-128,-128,-126,-123,-119,-113,-107,-100,-92,-83,-66,-51,-39,-31,-26,-21,-17,-14,-13,-14,-18,-25,-33,-40,-47,-55,-64,-72,-79,-84,-87,-90,-92,-93,-94,-95,-95,-96,-96,-97,-99,-101,-103,-104,-103,-103,-101,-100,-98,-96,-93,-89,-84,-79,-74,-48,14,117,261,448,676,914,1118,1185,1161,970,628,227,-151,-406,-489,-488,-398,-283,-174,-94,-51,-31,-22,-15,-10,-5,1,8,14,20,27,34,42,50,58,64,68,73,79,89,105,127,149,170,191,202,210,215,219,223,228,234,240,247,254,260,267,273,279,286,292,298,304,308,312,318,324,335,353,378,390,398,404,409,414,417,418,419,419,417,414,409,404,397,391,381,364,346,329,312,294,279,266,253,239,225,208,194,181,169,160,152,141,127,106,88,74,64,58,54,51,48,46,43,42,41,42,45,51,58,67,79,101,120,140,160,181,194,202,209,214,219,224,229,233,237,240,243,247,251,254,256,257,258,257,257,256,254,251,246,239,230,214,179,141,99,52,11
