-120,-136,-149,-160,-167,-162,-148,-125,-90,-72,-63,-57,-52,-49,-48,-50,-53,-58,-64,-69,-75,-81,-86,-91,-95,-98,-101,-104,-106,-108,-111,-112,-113,-112,-106,-97,-84,-59,-17,24,55,71,82,82,69,50,21,-13,-48,-82,-114,-133,-143,-151,-160,-168,-177,-191,-209,-223,-232,-241,-246,-245,-236,-224,-212,-196,-185,-177,-170,-163,-155,-145,-133,-123,-114,-105,-98,-92,-86,-79,-71,-62,-54,-45,-36,-28,-19,-9,0,9,18,26,33,38,45,59,83,106,123,138,152,167,187,203,216,227,237,246,255,262,268,272,275,276,278,279,280,282,283,284,284,281,276,268,260,250,235,220,207,192,174,152,137,126,117,111,108,106,104,103,101,99,97,97,97,101,107,116,125,138,157,171,181,193,207,226,237,244,249,253,258,263,268,273,278,283,288,292,296,300,303,306,309,312,315,317,318,320,321,323,325,327,329,330,331,331,331,331,331,330,330,331,331,333,335,337,340,342,343,344,344,344,344,345,346,348,351,355,359,364,369,373,377,380,383,387,390,395,403,411,416,414,407,399,390,379,366,350,324,292,264,235,204,174,143,114,87,60,38,21,3,-14,-32,-46,-60,-73,-89,-102,-115,-120,-113,-96,-71,-36,-15,-1,3,-1,-16,-59,-111,-172,-236,-295,-332,-361,-380,-394,-406,-417,-429,-443,-460,-472,-482,-489,-495,-497,-497,-497,-497,-497,-497,-497,-497,-491,-479,-469,-460,-451,-441,-431,-417,-399,-381,-364,-347,-330,-316,-305,-297,-290,-284,-278,-274,-269,-262,-252,-239,-215,-185,-161,-135,-113,-96,-74,-61,-52,-44,-39,-36,-36,-39,-45,-53,-64,-84,-121,-178,-237,-297,-365,-446,-533,-618,-703,-788,-865,-928,-980,-1004,-1018,-1028,-1034,-1034,-1029,-1022,-1018,-1014,-1012,-1010,-1007,-1003,-999,-995,-992,-988,-982,-968,-942,-919,-890,-856,-826,-782,-738,-693,-647,-597,-547,-498,-450,-400,-368,-333,-303,-278,-253,-231,-215,-201,-184,-158,-126,-91,-51,-16,14,43,71,101,127,146,159,175,199,229,259,285,304,323,332,338,343,348,351,353,354,355,354,352,350,347,344,339,333,324,306,292,282,274,267,260,252,244,236,225,214,202,188,171,157,147,140,133,126,118,107,85,56,34,5,-30,-61,-109,-154,-204,-234,-265,-295,-324,-357,-386,-408,-428,-439,-447,-454,-458,-461,-461,-459,-454,-448,-442,-437,-431,-423,-415,-408,-400,-391,-373,-344,-295,-243,-190,-166,-152,-142,-144,-163,-190,-227,-267,-303,-323,-336,-344,-345,-337,-326,-315,-302,-290,-279,-268,-256,-246,-237,-231,-227,-224,-220,-216,-210,-204,-196,-184,-165,-148,-126,-98,-76,-63,-49,-37,-24,-11,0,12,26,43,62,76,87,96,105,114,120,126,131,137,144,150,158,171,189,203,217,231,246,260,276,292,308,324,340,360,384,405,431,457,474,477,480,483,480,462,448,436,425,417,409,394,365,327,294,274,260,254,260,270,275,278,280,282,283,285,287,291,295,299,304,308,311,314,317,320,323,326,330,334,338,343,349,354,359,363,366,368,370,372,373,374,375,377,380,384,387,390,392,393,392,391,388,383,379,374,370,365,361,353,344,338,336,337,337,338,339,340,341,342,344,346,347,347,346,342,337,332,327,321,312,302,291,280,268,257,247,238,229,220,213,206,198,190,183,175,168,161,153,147,140,130,115,100,87,76,66,54,36,10,-15,-41,-67,-92,-115,-144,-164,-175,-182,-189,-195,-201,-206,-212,-220,-229,-237,-243,-248,-253,-257,-261,-264,-264,-262,-258,-252,-243,-230,-208,-190,-151,-107,-54,-4,12,11,-14,-86,-195,-305,-374,-398,-387,-349,-293,-257,-246,-238,-231,-225,-220,-217,-216,-217,-218,-218,-217,-214,-211,-208,-205,-204,-203,-203,-203,-203,-201,-197,-194,-190,-187,-184,-181,-176,-167,-156,-146,-135,-128,-122,-116,-111,-106,-101,-96,-92,-88,-83,-75,-64,-52,-39,-24,-6,13,30,45,58,71,84,98,110,120,128,135,141,145,146,145,141,137,131,124,116,103,88,73,51,22,0,-18,-30,-45,-65,-84,-102,-109,-113,-116,-116,-116,-115,-115,-117,-118,-120,-120,-119,-116,-112,-109,-106,-103,-100,-98,-95,-86,-77,-68,-63,-58,-55,-52,-50,-47,-44,-41,-37,-33,-29,-24,-20,-16,-12,-7,-1,4,9,13,16,19,20,21,23,26,30,31,32,33,36,39,43,52,73,84,89,93,96,97,97,97,97,98,99,99,98,98,97,98,98,99,100,102,106,112,127,141,159,179,196,207,216,220,224,227,230,231,229,224,217,207,193,179,166,155,145,141,138,136,135,132,128,123,120,118,118,117,116,114,111,106,102,99,99,101,107,115,131,154,185,225,272,321,364,378,366,334,261,170,82,32,12,10,22,32,39,47,55,62,69,76,84,94,100,96,90,88,87,85,81,78,74,71,69,70,72,75,78,82,86,89,93,96,100,104,109,113,118,122,125,128,131,134,139,145,158,170,183,196,209,222,233,242,249,256,264,274,289,300,310,318,323,328,332,334,335,336,337,339,339,337,332,326,318,305,281,257,235,216,195,172,148,127,110,98,84,62,42,26,10,-4,-19,-37,-44,-49,-53,-58,-62,-64,-65,-65,-65,-65,-64,-62,-61,-60,-59,-58,-58,-57,-56,-54,-52,-51,-49,-47,-47,-46,-46,-45,-44,-43,-43,-41,-40,-38,-36,-34,-34,-33,-33,-34,-35,-36,-37,-37,-37,-36,-34,-32,-31,-29,-29,-28,-28,-27,-27,-27,-26,-25,-23,-22,-19,-18,-17,-17,-16,-15,-15,-15,-13,-12,-10,-9,-8,-6,-5,-3,-1,1,5,9,14,19,22,24,25,24,23,21,18,15,11,7,2,-10,-27,-45,-62,-82,-92,-100,-106,-111,-115,-118,-120,-122,-122,-123,-124,-123,-124,-125,-127,-129,-131,-132,-129,-122,-112,-96,-72,-33,13,69,122,153,151,104,4,-107,-202,-240,-253,-232,-214,-204,-197,-191,-187,-184,-182,-180,-177,-175,-172,-171,-174,-182,-191,-195,-198,-201,-204,-206,-207,-206,-205,-203,-201,-200,-199,-198,-197,-195,-193,-191,-188,-186,-184,-183,-182,-181,-179,-177,-173,-166,-157,-150,-142,-133,-121,-105,-91,-80,-70,-61,-50,-38,-22,-9,2,12,22,38,64,82,91,98,104,108,112,115,119,122,124,123,119,112,102,84,56,40,30,22,14,7,0,-6,-13,-19,-26,-35,-46,-52,-56,-60,-59,-48,-35,-21,-8,3,12,22,32,39,44,48,51,54,59,62,66,70,73,77,81,84,88,92,96,101,105,111,118,124,129,135,139,142,144,146,147,149,150,152,154,155,157,159,161,163,165,169,176,190,204,215,222,228,233,236,238,240,241,242,244,245,247,248,250,252,254,256,258,259,260,261,262,262,264,265,266,268,270,272,274,275,277,279,281,283,285,287,292,302,308,312,316,320,323,322,316,307,295,279,266,249,224,196,171,150,131,112,94,76,57,36,16,1,-9,-25,-40,-53,-61,-66,-70,-74,-77,-81,-85,-89,-96,-104,-104,-91,-56,-2,65,134,171,168,115,7,-112,-208,-250,-264,-254,-241,-232,-246,-271,-286,-292,-296,-285,-278,-275,-272,-271,-270,-269,-268,-267,-265,-263,-261,-260,-259,-258,-256,-253,-250,-247,-242,-235,-226,-219,-212,-208,-205,-202,-199,-196,-193,-190,-187,-185,-182,-178,-173,-166,-159,-153,-148,-143,-140,-137,-133,-129,-124,-119,-114,-106,-95,-84,-74,-67,-61,-56,-52,-49,-47,-45,-44,-41,-37,-34,-35,-41,-53,-71,-95,-129,-166,-210,-255,-300,-330,-365,-396,-426,-455,-480,-498,-511,-521,-529,-540,-553,-564,-573,-582,-591,-600,-610,-622,-633,-643,-652,-660,-669,-680,-693,-709,-730,-743,-749,-754,-757,-760,-762,-763,-764,-763,-761,-759,-757,-753,-750,-746,-742,-738,-735,-731,-727,-724,-720,-717,-712,-706,-698,-689,-680,-670,-658,-645,-633,-623,-612,-598,-581,-570,-563,-557,-551,-546,-541,-535,-526,-511,-495,-474,-450,-410,-363,-333,-299,-272,-235,-188,-159,-127,-98,-71,-43,-14,18,53,83,127,169,219,276,331,379,421,463,507,552,581,613,646,679,714,752,782,808,831,852,877,896,905,912,920,928,935,946,959,970,978,992,1012,1034,1061,1080,1089,1095,1100,1105,1109,1112,1115,1119,1127,1142,1160,1178,1196,1214,1239,1271,1325,1394,1441,1458,1431,1347,1217,1093,1014,988,1000,1022,1040,1046,1050,1053,1055,1056,1055,1051,1045,1039,1034,1028,1023,1020,1016,1014,1012,1010,1008,1006,1004,1002,1000,997,993,988,981,974,965,954,940,924,901,875,857,842,824,800,768,736,707,681,654,625,598,551,503,476,447,420,394,362,324,292,264,240,220,198,186,181,177,174,172,168,165,162,160,157,152,141,119,97,75,50,24,-2,-33,-62,-83,-103,-119,-131,-141,-151,-159,-168,-176,-185,-197,-211,-226,-245,-259,-271,-290,-322,-346,-358,-366,-373,-378,-383,-388,-391,-394,-397,-400,-405,-409,-414,-420,-427,-438,-454,-471,-489,-507,-522,-534,-542,-547,-551,-554,-557,-560,-563,-566,-568,-569,-570,-571,-572,-572,-571,-570,-568,-566,-563,-559,-554,-549,-544,-537,-524,-510,-499,-487,-473,-455,-439,-425,-414,-401,-387,-364,-333,-307,-287,-269,-252,-234,-214,-195,-180,-165,-153,-137,-118,-95,-70,-46,-24,-1,19,30,34,36,38,40,41,42,43,44,43,42,39,36,33,29,27,24,23,21,21,20,19,18,16,14,12,11,11,13,18,26,37,49,69,107,164,233,303,343,357,331,254,149,51,6,-7,17,55,96,127,151,175,185,191,196,199,201,202,203,204,205,206,207,207,208,210,211,212,212,212,212,213,214,216,218,220,223,225,227,229,232,236,241,246,251,256,262,267,272,279,288,302,316,330,342,352,361,371,382,393,404,416,427,436,445,454,462,469,475,481,485,488,489,487,484,480,475,468,459,440,408,381,349,314,277,237,197,165,142,108,87,74,63,53,42,31,20,12,6,2,-1,-5,-9,-12,-15,-19,-24,-27,-30,-33,-35,-37,-38,-39,-40,-42,-43,-45,-46,-48,-50,-52,-54,-56,-58,-59,-61,-62,-63,-64,-65,-67,-68,-69,-70,-70,-71,-70,-70,-69,-68,-68,-68,-70,-73,-77,-80,-84,-87,-90,-94,-97,-100,-104,-110,-116,-122,-128,-134,-138,-140,-142,-143,-144,-144,-144,-143,-141,-137,-134,-129,-123,-116,-109,-102,-94,-84,-65,-49,-43,-38,-36,-35,-34,-35,-37,-37,-37,-36,-34,-31,-27,-21,-15,-7,1,14,38,55,68,75,80,84,88,92,95,99,102,106,112,120,131,178,240,316,398,452,472,453,392,293,198,178,178,177,204,223,232,242,250,256,261,262,258,252,243,234,225,215,200,185,173,162,152,141,129,116,103,89,74,57,40,22,10,1,-5,-12,-20,-27,-32,-38,-46,-59,-77,-96,-117,-142,-170,-196,-206,-211,-215,-217,-219,-220,-221,-221,-221,-221,-220,-219,-217,-216,-214,-214,-214,-214,-214,-216,-220,-222,-225,-228,-233,-239,-244,-250,-258,-276,-293,-304,-315,-330,-348,-366,-384,-400,-419,-435,-448,-461,-475,-481,-486,-490,-494,-497,-500,-501,-501,-502,-503,-503,-504,-506,-508,-510,-511,-511,-512,-514,-515,-516,-517,-519,-522,-525,-527,-529,-530,-529,-526,-519,-512,-504,-497,-490,-483,-477,-472,-466,-460,-454,-451,-448,-444,-440,-435,-428,-419,-409,-401,-392,-384,-376,-369,-363,-356,-349,-342,-333,-323,-311,-296,-285,-276,-269,-261,-254,-246,-237,-227,-218,-208,-198,-187,-175,-162,-148,-137,-129,-122,-116,-111,-106,-100,-94,-87,-81,-74,-66,-58,-50,-42,-34,-24,-14,-7,0,10,23,41,61,80,100,126,157,186,219,249,271,290,302,309,314,320,327,333,341,357,385,411,443,481,520,562,602,639,672,701,730,752,768,784,806,838,871,905,962,1026,1099,1170,1217,1233,1219,1175,1100,1021,974,959,949,944,943,946,951,957,962,966,969,972,973,975,977,979,980,980,977,974,969,964,958,953,948,944,939,934,927,918,909,902,895,890,885,880,876,871,866,862,857,851,845,838,831,825,818,811,804,799,795,791,787,785,782,779,776,775,776,778,780,781,782,783,783,782,781,781,780,779,778,776,773,765,745,724,702,681,659,632,597,567,545,517,489,462,435,413,394,378,364,349,334,319,304,291,281,271,263,255,247,241,235,228,223,218,214,209,204,200,195,191,186,181,175,170,166,162,158,155,152,149,146,140,136,134,132,128,123,121,122,126,128,128,127,126,124,120,114,107,96,86,77,63,47,33,19,6,-8,-22,-38,-56,-74,-90,-102,-116,-137,-168,-192,-207,-216,-223,-231,-242,-254,-264,-273,-284,-301,-317,-327,-335,-343,-351,-359,-363,-364,-363,-361,-361,-362,-365,-365,-364,-360,-355,-352,-352,-352,-349,-343,-337,-332,-331,-335,-340,-342,-340,-336,-332,-328,-326,-326,-325,-323,-326,-334,-344,-354,-362,-364,-361,-357,-353,-348,-343,-339,-336,-334,-336,-341,-350,-356,-357,-352,-345,-340,-338,-337,-322,-281,-219,-152,-81,-13,42,60,50,15,-69,-167,-238,-267,-277,-273,-258,-244,-237,-235,-234,-231,-225,-216,-208,-201,-196,-189,-178,-168,-158,-148,-138,-130,-122,-115,-108,-102,-97,-94,-94,-93,-90,-85,-79,-72,-66,-62,-59,-57,-55,-53,-53,-51,-49,-45,-38,-32,-25,-21,-21,-22,-19,-12,-1,11,25,36,47,61,76,89,98,102,105,108,115,127,141,155,166,173,177,182,187,192,196,195,180,153,128,105,84,63,45,28,16,10,11,11,8,1,-5,-8,-8,-6,-5,-6,-7,-5,-2,1,2,0,-2,-1,1,6,12,19,26,29,33,36,35,32,30,29,29,28,31,35,37,39,43,49,55,56,54,54,54,55,56,56,55,50,42,36,30,23,12,-4,-38,-61,-74,-82,-88,-91,-96,-96,-92,-84,-74,-65,-59,-54,-50,-47,-46,-47,-49,-52,-55,-55,-50,-44,-41,-40,-40,-38,-35,-33,-31,-30,-32,-39,-47,-53,-56,-60,-64,-66,-67,-68,-72,-76,-78,-80,-83,-87,-91,-93,-94,-94,-90,-85,-82,-80,-78,-77,-75,-73,-73,-75,-80,-87,-96,-106,-121,-137,-150,-161,-171,-182,-193,-207,-224,-242,-261,-276,-289,-307,-330,-356,-377,-393,-403,-406,-408,-412,-418,-426,-425,-402,-364,-315,-240,-160,-83,-61,-80,-123,-232,-345,-410,-433,-453,-466,-473,-472,-464,-452,-444,-442,-444,-445,-446,-443,-440,-437,-437,-439,-442,-444,-443,-440,-434,-429,-424,-421,-419,-415,-410,-404,-398,-395,-394,-393,-391,-387,-381,-376,-373,-370,-369,-369,-368,-365,-360,-356,-353,-351,-348,-341,-324,-307,-290,-274,-260,-248,-235,-210,-174,-139,-107,-82,-65,-46,-17,20,52,76,95,102,107,114,121,125,125,122,115,103,91,79,62,44,28,16,5,-4,-21,-47,-74,-101,-119,-130,-135,-128,-116,-106,-95,-83,-74,-66,-57,-49,-39,-29,-19,-12,-7,-2,1,7,13,17,21,24,27,31,34,38,42,48,54,59,68,72,74,77,80,83,85,87,89,89,89,88,87,85,84,85,86,88,90,93,96,99,103,105,107,109,112,115,119,123,127,129,130,130,128,126,124,124,123,122,121,120,119,118,115,111,110,113,118,126,134,145,154,159,166,172,176,177,175,171,166,161,154,143,134,126,113,93,73,59,46,37,31,25,19,12,6,2,0,-3,-7,-11,-16,-18,-22,-27,-31,-34,-33,-28,-18,6,42,89,140,185,207,216,195,129,25,-87,-179,-219,-223,-196,-153,-135,-128,-124,-120,-118,-116,-116,-117,-120,-125,-129,-133,-136,-138,-140,-143,-146,-147,-149,-151,-153,-154,-153,-152,-150,-148,-146,-144,-143,-142,-142,-142,-143,-143,-142,-142,-142,-143,-142,-141,-142,-143,-143,-142,-141,-141,-139,-137,-135,-132,-125,-117,-108,-101,-96,-92,-88,-85,-83,-82,-80,-79,-79,-82,-86,-91,-97,-106,-121,-134,-151,-172,-192,-213,-235,-255,-273,-291,-307,-324,-337,-346,-355,-368,-385,-398,-406,-411,-415,-417,-418,-419,-422,-423,-420,-415,-411,-406,-399,-392,-385,-373,-354,-342,-335,-332,-331,-331,-331,-331,-331,-330,-329,-328,-326,-322,-317,-306,-298,-293,-286,-278,-267,-251,-234,-218,-204,-189,-175,-162,-140,-117,-103,-90,-79,-72,-57,-36,-11,12,38,54,71,88,107,123,137,147,158,171,189,204,212,218,223,228,235,239,242,244,246,250,255,259,263,267,271,275,278,280,282,284,286,287,289,292,296,300,305,309,315,323,330,334,338,342,346,349,349,345,339,332,322,314,304,291,276,261,247,237,229,221,213,207,204,202,200,197,196,195,195,195,194,195,196,199,203,209,225,251,288,331,377,419,439,435,391,303,197,102,40,18,9,9,17,28,45,77,113,133,140,131,122,116,112,112,114,116,118,121,122,120,116,115,113,110,108,108,108,109,109,111,114,118,110,101,94,92,91,90,89,88,91,98,104,110,117,124,129,132,135,138,141,144,146,148,151,155,160,166,172,179,194,212,219,223,227,230,231,230,227,223,220,215,208,199,191,178,163,140,117,89,55,33,8,-14,-37,-62,-78,-87,-94,-97,-98,-99,-99,-99,-99,-100,-101,-100,-99,-97,-94,-91,-86,-82,-79,-75,-70,-66,-62,-59,-55,-47,-32,-14,3,25,46,67,89,113,133,145,152,158,164,169,170,171,173,175,176,178,179,181,182,182,181,180,179,178,176,174,172,171,168,164,158,151,142,138,135,133,131,130,129,128,126,125,123,120,118,116,114,111,108,104,100,94,89,85,83,81,80,78,77,76,75,74,73,72,70,68,66,64,62,58,56,55,56,59,65,72,82,96,101,104,107,110,112,111,106,99,89,71,54,36,21,11,0,-12,-25,-37,-44,-49,-54,-58,-60,-61,-61,-60,-59,-57,-55,-54,-51,-47,-39,-31,-23,-1,27,73,136,206,259,263,231,135,16,-91,-167,-187,-186,-156,-127,-116,-116,-124,-136,-148,-153,-158,-159,-152,-142,-137,-134,-131,-128,-125,-121,-119,-117,-115,-115,-115,-116,-117,-118,-119,-119,-119,-119,-118,-118,-117,-116,-116,-114,-111,-107,-103,-98,-92,-86,-81,-77,-74,-70,-67,-63,-58,-53,-46,-38,-29,-20,-8,4,19,30,38,46,54,63,70,76,82,87,90,93,95,97,101,102,98,88,73,53,37,24,8,-12,-38,-58,-70,-81,-90,-103,-125,-142,-151,-157,-161,-162,-163,-163,-164,-164,-164,-161,-154,-148,-144,-142,-140,-138,-137,-136,-136,-135,-135,-135,-135,-135,-135,-135,-134,-134,-133,-132,-132,-132,-132,-131,-130,-129,-127,-126,-124,-123,-121,-120,-118,-117,-115,-113,-110,-108,-105,-103,-100,-97,-93,-90,-87,-84,-81,-78,-75,-71,-67,-62,-56,-49,-44,-41,-38,-35,-33,-31,-30,-28,-27,-25,-22,-18,-15,-11,-7,-2,1,7,12,17,20,23,26,29,32,34,36,38,40,42,44,46,48,51,53,55,58,62,69,82,88,92,95,96,97,96,91,84,73,56,30,20,16,12,9,7,4,2,1,0,0,0,1,3,5,7,10,14,19,25,36,60,96,137,182,229,274,290,280,247,161,60,-27,-73,-87,-74,-66,-64,-61,-59,-56,-54,-52,-51,-50,-49,-50,-52,-55,-57,-58,-60,-61,-63,-65,-66,-67,-68,-69,-70,-71,-73,-74,-74,-74,-73,-72,-70,-67,-64,-60,-55,-51,-44,-33,-23,-12,-5,0,4,9,13,17,22,26,33,43,53,65,78,94,108,120,130,141,153,164,173,182,189,195,201,207,212,214,212,206,198,188,174,160,140,117,96,74,51,28,9,-4,-24,-41,-56,-66,-74,-78,-83,-87,-90,-92,-94,-94,-94,-93,-91,-88,-85,-82,-80,-78,-75,-72,-67,-64,-64,-67,-73,-79,-83,-87,-91,-95,-98,-101,-102,-102,-98,-95,-91,-86,-82,-78,-75,-73,-71,-69,-68,-67,-66,-66,-66,-66,-67,-67,-68,-68,-68,-68,-68,-68,-69,-69,-70,-70,-70,-70,-70,-69,-68,-66,-64,-62,-60,-58,-56,-54,-53,-51,-49,-47,-41,-34,-28,-22,-16,-10,-5,0,4,9,13,16,19,22,26,29,34,38,41,42,39,34,27,19,10,-2,-13,-23,-28,-31,-34,-36,-38,-40,-41,-42,-42,-42,-42,-41,-39,-36,-33,-29,-25,-20,-11,10,47,98,161,228,272,275,248,170,66,-46,-143,-183,-197,-183,-138,-88,-42,-10,1,0,-14,-22,-26,-31,-34,-36,-37,-36,-33,-30,-25,-21,-17,-13,-9,-5,-2,1,5,8,10,11,11,12,13,15,16,18,21,24,28,31,35,39,43,48,52,56,60,64,69,74,79,86,97,113,127,141,155,174,193,211,225,236,245,254,262,268,273,278,281,282,281,277,271,263,248,221,193,166,141,114,87,59,29,1,-17,-29,-40,-49,-56,-61,-65,-69,-75,-81,-88,-94,-99,-104,-108,-112,-114,-115,-114,-111,-107,-104,-101,-99,-97,-96,-95,-94,-93,-93,-92,-92,-92,-92,-92,-93,-94,-94,-94,-94,-94,-94,-95,-95,-95,-95,-94,-94,-94,-94,-94,-95,-95,-95,-95,-95,-94,-94,-93,-92,-92,-91,-91,-90,-89,-88,-88,-87,-87,-86,-84,-81,-79,-75,-69,-63,-57,-52,-46,-40,-35,-29,-23,-18,-15,-12,-9,-6,-3,0,3,4,4,0,-5,-12,-21,-37,-52,-60,-66,-71,-75,-77,-79,-80,-80,-79,-78,-77,-74,-71,-67,-63,-56,-42,-27,-6,15,45,81,129,180,206,216,198,143,59,-25,-92,-123,-134,-122,-107,-94,-83,-78,-74,-71,-69,-66,-63,-59,-54,-48,-44,-40,-36,-34,-32,-31,-29,-27,-25,-23,-20,-17,-14,-12,-10,-8,-6,-4,-2,0,2,5,9,14,19,23,26,29,32,35,38,42,49,57,67,78,91,108,120,130,138,145,152,161,173,185,199,211,223,240,260,272,278,283,285,285,281,274,265,254,236,219,197,171,127,86,64,43,22,2,-17,-25,-28,-30,-32,-33,-34,-35,-36,-37,-39,-40,-42,-44,-45,-45,-45,-46,-46,-48,-49,-49,-51,-52,-55,-57,-58,-59,-58,-58,-57,-56,-55,-54,-53,-52,-51,-50,-50,-50,-50,-50,-51,-52,-54,-57,-59,-61,-62,-64,-65,-67,-68,-69,-70,-71,-71,-72,-72,-72,-72,-72,-72,-72,-73,-73,-73,-74,-74,-74,-74,-73,-73,-71,-70,-69,-68,-67,-66,-65,-61,-50,-33,-24,-20,-18,-16,-15,-16,-19,-23,-26,-30,-33,-35,-35,-34,-31,-27,-21,-8,4,14,27,37,44,50,52,51,47,42,33,18,6,-2,-13,-21,-27,-33,-38,-43,-47,-50,-53,-55,-57,-57,-55,-53,-49,-45,-39,-29,-19,-6,11,42,81,130,186,238,263,260,220,139,39,-50,-98,-115,-115,-103,-95,-89,-84,-80,-76,-73,-71,-69,-68,-66,-64,-62,-61,-60,-58,-57,-55,-54,-53,-51,-50,-48,-47,-45,-43,-41,-39,-37,-34,-31,-29,-26,-22,-18,-11,-5,0,6,14,25,35,44,52,59,66,73,82,91,98,104,110,117,125,135,145,158,173,187,202,218,235,248,257,264,269,273,275,276,275,272,268,264,258,252,245,225,197,167,135,103,75,50,33,21,15,11,8,7,6,6,6,4,2,3,11,16,21,25,27,27,25,22,18,11,1,-2,-4,-6,-8,-7,-5,-3,0,1,3,5,7,9,12,14,15,16,18,19,21,23,25,26,24,19,13,7,0,-4,-5,-4,-4,-4,-4,-4,-4,-3,-2,-2,-2,-2,-1,0,0,1,2,3,3,4,4,4,4,5,5,6,7,8,9,10,12,14,15,17,19,20,22,25,30,36,42,48,53,58,62,67,75,88,97,101,104,107,108,108,106,103,99,94,85,70,58,43,30,20,15,12,11,9,8,7,6,6,7,8,9,11,13,16,19,22,26,28,33,47,80,138,214,291,336,337,294,188,63,-40,-91,-98,-79,-34,-6,2,-4,-26,-47,-54,-57,-59,-57,-52,-48,-46,-45,-43,-41,-40,-38,-36,-34,-32,-30,-29,-27,-26,-25,-25,-24,-22,-21,-19,-18,-16,-14,-12,-10,-7,-4,-2,3,13,20,25,32,39,44,48,51,54,56,59,68,90,112,127,143,157,175,196,220,232,238,243,247,253,257,261,263,265,266,265,263,259,253,231,197,156,112,77,58,44,33,19,0,-15,-21,-25,-27,-26,-22,-19,-15,-26,-36,-43,-48,-52,-56,-59,-62,-65,-70,-74,-77,-78,-79,-80,-80,-80,-80,-80,-81,-82,-83,-84,-84,-85,-85,-86,-87,-89,-92,-99,-115,-138,-166,-195,-226,-256,-286,-316,-337,-354,-365,-371,-375,-378,-381,-383,-384,-384,-381,-377,-373,-368,-362,-355,-349,-342,-337,-331,-326,-320,-315,-310,-305,-299,-294,-289,-285,-280,-275,-268,-262,-257,-252,-245,-235,-226,-217,-209,-202,-195,-186,-177,-168,-161,-154,-149,-143,-136,-125,-111,-100,-86,-72,-61,-53,-42,-29,-16,-5,0,1,4,5,5,2,-1,-6,-15,-28,-33,-36,-39,-41,-41,-40,-36,-32,-29,-26,-23,-20,-17,-14,-12,-10,-9,-7,-4,-1,4,18,46,82,127,184,249,309,341,338,294,198,84,-14,-63,-79,-70,-42,-19,-12,-8,-5,-1,1,3,5,8,10,12,15,18,20,22,25,27,29,31,33,36,37,38,40,41,44,51,60,63,64,65,66,66,68,70,72,75,77,80,86,96,102,108,113,118,122,126,130,134,140,147,160,178,192,202,213,225,243,263,281,293,300,308,316,329,342,348,352,353,351,346,337,326,309,287,259,234,211,197,173,148,131,114,102,93,84,75,64,55,49,44,38,32,29,26,24,22,20,18,16,14,12,11,10,8,7,6,6,5,3,2,1,0,-2,-3,-5,-7,-8,-10,-12,-13,-15,-17,-19,-21,-23,-26,-28,-31,-34,-39,-45,-51,-57,-61,-66,-71,-76,-82,-90,-99,-108,-116,-123,-128,-132,-135,-139,-141,-141,-137,-131,-127,-123,-120,-117,-116,-117,-119,-120,-122,-124,-126,-127,-129,-130,-131,-132,-133,-133,-132,-130,-127,-124,-121,-117,-113,-106,-99,-94,-90,-86,-78,-64,-49,-36,-29,-24,-21,-20,-22,-26,-32,-43,-60,-70,-74,-78,-80,-83,-86,-88,-90,-92,-94,-96,-98,-100,-101,-101,-102,-102,-103,-102,-101,-100,-97,-94,-90,-86,-66,-33,6,55,112,174,224,232,220,148,48,-46,-96,-113,-102,-83,-64,-50,-40,-33,-22,-13,-8,-6,-5,-2,0,3,8,15,25,34,39,41,43,44,46,48,51,54,57,61,64,68,73,76,80,83,87,93,103,114,120,123,126,128,130,133,134,136,138,140,145,153,160,170,183,195,204,213,222,231,240,251,266,279,288,297,306,315,325,331,337,340,340,336,329,318,302,280,254,226,207,186,166,147,127,106,86,66,49,34,17,10,8,5,3,2,0,0,-1,-1,-1,0,0,1,2,4,6,8,10,12,13,13,15,16,18,20,21,23,25,27,28,29,29,29,30,30,31,34,36,38,38,36,34,31,30,28,27,26,25,24,23,22,22,21,20,19,18,17,16,14,13,12,10,8,6,4,2,0,-3,-6,-9,-11,-13,-14,-14,-14,-13,-12,-11,-10,-8,-7,-6,-5,-4,-2,0,1,4,6,10,14,17,20,23,26,31,36,40,42,41,37,32,26,17,2,-5,-14,-23,-37,-48,-56,-63,-70,-77,-81,-85,-88,-91,-94,-96,-98,-100,-102,-104,-108,-111,-111,-106,-96,-66,-25,23,75,115,129,113,66,-30,-140,-238,-279,-293,-277,-251,-230,-221,-216,-209,-198,-178,-160,-153,-146,-144,-148,-157,-162,-165,-169,-171,-173,-175,-176,-177,-177,-175,-173,-170,-166,-163,-159,-154,-149,-143,-135,-129,-124,-121,-117,-115,-112,-109,-107,-105,-103,-101,-99,-96,-93,-87,-75,-64,-55,-49,-42,-36,-29,-17,0,18,37,55,75,95,116,132,143,149,154,157,161,163,165,165,162,157,150,138,121,99,66,22,-29,-79,-118,-129,-135,-140,-145,-149,-152,-156,-162,-171,-180,-188,-193,-196,-199,-201,-203,-205,-206,-207,-207,-207,-206,-204,-202,-199,-196,-193,-190,-187,-184,-180,-175,-170,-165,-160,-156,-151,-146,-142,-139,-137,-135,-134,-133,-132,-131,-130,-130,-129,-128,-128,-127,-126,-126,-125,-124,-123,-122,-122,-122,-121,-120,-118,-116,-113,-110,-106,-101,-96,-92,-87,-84,-80,-77,-73,-69,-65,-61,-57,-53,-49,-43,-35,-27,-20,-8,7,23,39,50,57,63,68,74,79,82,81,76,67,59,49,41,35,27,17,6,1,-2,-5,-7,-9,-11,-11,-12,-12,-11,-10,-9,-6,-3,0,4,14,31,53,80,117,164,218,269,295,293,253,169,61,-39,-92,-98,-76,-30,-5,0,2,4,6,7,9,11,13,15,17,18,18,19,19,20,21,22,23,24,25,28,30,32,34,36,39,41,43,45,47,49,52,57,62,67,71,75,80,85,90,94,98,100,103,107,112,117,125,133,142,153,162,169,182,199,214,230,243,253,261,272,285,293,297,300,300,296,290,279,264,249,234,219,201,181,164,141,117,102,85,68,50,34,21,11,2,-6,-15,-23,-35,-48,-62,-71,-75,-78,-77,-71,-64,-58,-53,-49,-47,-46,-44,-43,-42,-41,-41,-41,-42,-43,-44,-45,-47,-49,-51,-53,-54,-54,-55,-55,-56,-57,-57,-58,-58,-58,-58,-58,-58,-57,-57,-56,-56,-56,-55,-54,-54,-53,-51,-49,-49,-53,-55,-57,-58,-59,-61,-61,-62,-61,-61,-60,-59,-58,-57,-56,-54,-52,-50,-48,-45,-44,-42,-40,-39,-37,-36,-35,-33,-31,-28,-23,-16,-9,-2,2,7,13,22,32,38,41,43,42,39,33,27,18,8,-5,-21,-37,-49,-54,-57,-60,-62,-61,-58,-53,-49,-45,-41,-37,-34,-31,-28,-26,-24,-21,-8,11,41,86,146,207,246,249,221,148,53,-38,-103,-118,-114,-79,-47,-35,-36,-45,-52,-56,-60,-63,-65,-67,-69,-71,-74,-77,-79,-79,-77,-73,-68,-59,-47,-39,-34,-28,-20,-15,-11,-8,-5,-2,0,1,2,4,6,8,11,12,13,14,15,16,18,21,25,30,37,46,53,60,72,86,101,118,133,145,159,175,192,212,228,235,240,243,245,245,243,239,235,226,213,201,188,174,160,137,113,84,65,43,26,13,-1,-15,-33,-47,-55,-59,-62,-64,-65,-66,-67,-67,-68,-69,-69,-70,-70,-70,-69,-69,-67,-66,-64,-61,-59,-56,-54,-51,-46,-40,-35,-30,-26,-22,-17,-13,-10,-8,-6,-3,0,1,-1,-8,-13,-16,-20,-23,-24,-23,-22,-20,-18,-17,-16,-15,-14,-13,-12,-11,-10,-10,-10,-10,-10,-10,-11,-12,-12,-13,-13,-13,-13,-13,-13,-13,-14,-14,-15,-16,-17,-17,-17,-17,-17,-17,-17,-17,-17,-17,-17,-17,-18,-18,-14,-7,4,21,36,46,52,55,58,60,60,55,48,36,18,0,-18,-29,-34,-38,-42,-44,-46,-49,-51,-52,-54,-55,-58,-61,-65,-68,-68,-63,-55,-44,-28,-7,21,62,117,180,242,283,284,250,159,46,-57,-103,-118,-103,-77,-56,-49,-44,-41,-40,-41,-43,-45,-47,-50,-49,-38,-30,-25,-21,-17,-13,-9,-5,-1,2,6,9,10,10,8,5,2,0,-3,-7,-9,-8,-4,0,2,5,7,9,12,14,17,21,24,27,31,38,51,61,74,90,103,113,119,124,128,133,138,144,156,172,183,190,196,200,204,209,209,200,190,178,170,162,153,142,127,108,88,68,46,24,2,-17,-33,-50,-59,-62,-65,-68,-70,-72,-74,-76,-77,-79,-80,-81,-82,-84,-86,-89,-92,-91,-88,-83,-78,-75,-72,-69,-67,-65,-63,-62,-62,-63,-64,-65,-67,-69,-71,-72,-72,-72,-73,-73,-74,-74,-75,-75,-75,-76,-76,-76,-75,-74,-73,-72,-72,-72,-72,-72,-72,-73,-74,-76,-78,-79,-80,-81,-81,-83,-85,-87,-88,-90,-96,-102,-103,-100,-96,-93,-89,-85,-80,-74,-67,-60,-54,-48,-42,-36,-29,-23,-18,-13,-8,-3,0,1,1,0,-3,-6,-11,-16,-21,-29,-37,-44,-51,-58,-66,-75,-84,-91,-97,-101,-105,-108,-111,-113,-114,-113,-111,-108,-103,-97,-89,-76,-66,-53,-37,-12,23,73,132,181,198,183,136,42,-60,-140,-166,-165,-134,-108,-103,-100,-97,-95,-94,-93,-92,-91,-91,-90,-89,-87,-87,-87,-86,-86,-85,-84,-83,-81,-79,-77,-74,-71,-66,-61,-55,-48,-41,-34,-24,-16,-12,-8,-6,-4,-3,-2,0,0,2,3,5,6,8,10,13,20,37,58,81,104,121,134,144,150,156,162,167,172,180,190,196,201,204,207,210,212,211,208,203,195,186,170,154,131,102,71,40,10,-21,-50,-69,-77,-79,-80,-81,-81,-82,-82,-82,-82,-82,-81,-80,-79,-79,-78,-77,-76,-75,-75,-75,-75,-75,-75,-75,-75,-75,-75,-76,-77,-78,-79,-80,-82,-84,-85,-87,-88,-89,-89,-90,-90,-90,-90,-91,-91,-92,-92,-93,-93,-92,-91,-88,-84,-78,-71,-64,-57,-49,-36,-24,-19,-17,-15,-14,-14,-14,-13,-13,-14,-15,-16,-17,-17,-17,-16,-16,-15,-14,-12,-10,-7,-4,-1,0,3,6,9,14,18,22,25,27,28,28,27,25,22,18,13,4,-20,-35,-42,-48,-53,-56,-58,-58,-57,-54,-50,-46,-41,-35,-28,-19,-11,-4,4,13,24,37,53,78,111,163,221,282,303,293,265,174,66,-25,-70,-84,-67,-53,-45,-39,-33,-26,-18,-11,-7,-4,-1,1,4,7,9,10,12,15,17,19,20,21,21,21,21,21,21,22,23,24,25,26,27,28,29,30,30,30,28,25,21,18,14,10,6,0,-3,-5,-3,1,8,16,24,36,47,57,65,77,91,107,123,138,155,165,171,176,180,182,182,180,176,170,162,152,134,118,97,71,45,21,1,-13,-29,-42,-53,-63,-74,-77,-79,-81,-83,-85,-88,-90,-91,-93,-94,-95,-96,-96,-96,-95,-95,-95,-94,-94,-94,-93,-93,-93,-92,-91,-90,-88,-86,-84,-82,-80,-78,-77,-75,-74,-72,-70,-68,-65,-63,-61,-59,-57,-55,-54,-52,-51,-50,-49,-48,-47,-46,-45,-44,-43,-42,-41,-40,-40,-39,-39,-37,-36,-34,-32,-30,-28,-25,-22,-19,-17,-14,-12,-10,-8,-5,-3,0,3,7,13,19,25,31,36,42,50,61,70,75,79,83,87,90,90,84,75,64,49,35,28,25,21,19,16,13,11,10,9,9,9,9,9,11,13,16,19,22,26,29,35,49,66,89,118,168,226,283,316,316,283,201,98,9,-35,-51,-52,-40,-30,-22,-15,-9,-5,-2,0,1,3,5,6,8,9,10,10,11,11,11,12,13,14,15,17,19,21,23,25,27,29,30,32,34,36,39,41,43,46,48,50,53,57,60,64,69,76,83,90,97,106,117,127,137,148,158,170,182,198,215,232,249,266,278,286,292,297,299,299,296,291,283,270,247,227,204,179,155,131,109,88,66,44,23,10,2,-6,-16,-23,-28,-33,-37,-40,-44,-48,-53,-60,-63,-64,-65,-67,-66,-58,-51,-45,-40,-36,-33,-32,-31,-29,-28,-27,-26,-26,-26,-25,-24,-23,-23,-23,-24,-26,-27,-28,-28,-29,-30,-31,-31,-32,-32,-32,-32,-33,-35,-36,-37,-37,-36,-35,-34,-33,-32,-32,-31,-30,-29,-28,-27,-25,-24,-23,-21,-20,-19,-17,-14,-11,-7,0,6,14,21,31,42,45,46,47,48,49,44,33,16,-4,-25,-37,-39,-41,-42,-43,-44,-45,-45,-46,-46,-46,-46,-45,-44,-42,-40,-37,-34,-32,-29,-23,-7,20,60,109,161,198,210,195,148,50,-69,-174,-217,-232,-216,-168,-107,-57,-40,-37,-34,-32,-31,-31,-30,-30,-31,-32,-33,-35,-37,-40,-42,-45,-46,-48,-48,-49,-50,-50,-49,-47,-45,-42,-39,-36,-34,-32,-30,-27,-25,-23,-20,-18,-15,-13,-10,-6,-3,3,14,21,28,36,46,61,80,94,103,110,117,126,143,160,173,183,197,215,229,238,242,244,245,248,249,244,234,218,195,172,152,134,114,91,67,42,18,-5,-26,-39,-50,-67,-79,-88,-95,-99,-101,-102,-104,-107,-109,-111,-109,-105,-101,-99,-97,-96,-95,-94,-93,-92,-92,-92,-92,-92,-92,-92,-92,-93,-93,-93,-93,-92,-92,-91,-91,-90,-90,-89,-89,-88,-88,-87,-86,-86,-85,-84,-83,-82,-81,-80,-78,-77,-76,-75,-74,-72,-70,-69,-67,-64,-58,-47,-34,-23,-13,-4,3,10,17,23,29,33,38,43,47,46,39,29,17,1,-10,-23,-35,-40,-42,-43,-45,-47,-48,-50,-51,-52,-52,-52,-52,-51,-50,-48,-45,-42,-39,-35,-29,-5,37,83,126,160,171,162,139,78,3,-72,-134,-155,-162,-152,-124,-90,-69,-61,-57,-54,-52,-51,-50,-49,-49,-48,-48,-47,-46,-45,-46,-45,-45,-44,-43,-41,-40,-39,-38,-33,-17,-5,0,4,7,9,9,8,6,4,2,1,0,-2,-3,-4,-5,-6,-6,-5,-3,0,3,8,14,27,51,72,94,109,119,127,134,143,152,163,176,193,209,224,235,242,245,241,232,219,202,187,170,153,135,103,66,28,-7,-28,-44,-54,-60,-64,-66,-68,-70,-74,-81,-90,-100,-112,-119,-115,-106,-96,-83,-70,-63,-59,-56,-54,-53,-55,-57,-61,-65,-67,-69,-70,-72,-74,-76,-78,-79,-80,-80,-80,-79,-79,-77,-75,-72,-69,-67,-65,-63,-61,-60,-58,-57,-55,-53,-51,-49,-47,-45,-43,-41,-39,-37,-36,-34,-31,-26,-15,-4,2,6,11,14,16,17,15,11,6,0,-7,-18,-27,-33,-39,-45,-52,-58,-62,-65,-68,-70,-71,-72,-71,-70,-67,-64,-60,-54,-43,-33,-20,-4,20,51,89,131,170,191,190,161,93,5,-79,-133,-151,-142,-113,-79,-65,-61,-59,-58,-56,-52,-47,-40,-24,-9,-2,2,2,-7,-20,-34,-41,-45,-47,-42,-34,-29,-26,-23,-20,-18,-16,-14,-11,-9,-7,-5,-3,-1,0,2,5,8,12,15,21,29,42,52,62,71,78,83,87,90,94,99,105,116,132,149,165,178,188,198,212,226,232,236,239,240,239,235,229,219,201,182,161,138,118,89,61,33,6,-16,-29,-50,-72,-84,-89,-92,-94,-95,-96,-96,-96,-96,-96,-96,-95,-94,-93,-92,-91,-90,-89,-88,-87,-86,-85,-85,-84,-84,-83,-83,-82,-81,-80,-78,-77,-74,-71,-68,-64,-61,-58,-55,-52,-49,-48,-48,-49,-51,-52,-54,-55,-57,-59,-61,-63,-63,-62,-61,-59,-58,-56,-54,-51,-48,-45,-41,-37,-33,-26,-20,-14,-6,1,4,6,8,9,10,10,10,9,7,4,1,-5,-16,-28,-42,-51,-55,-59,-61,-62,-62,-61,-60,-59,-57,-55,-55,-57,-59,-61,-62,-58,-52,-43,-30,-12,10,44,92,155,220,256,256,219,141,53,-23,-72,-87,-91,-94,-95,-93,-85,-62,-35,-26,-22,-19,-20,-28,-33,-36,-39,-41,-42,-44,-44,-44,-43,-41,-39,-36,-34,-32,-29,-26,-23,-20,-17,-16,-14,-13,-11,-7,-2,1,3,6,7,9,11,13,16,21,29,42,54,67,82,96,106,114,124,132,138,143,150,157,170,189,209,226,236,242,247,251,256,261,260,251,237,220,205,190,168,147,119,100,80,66,55,42,24,9,-1,-11,-19,-26,-34,-40,-43,-45,-46,-48,-50,-52,-53,-55,-56,-57,-57,-57,-56,-55,-53,-52,-50,-49,-47,-45,-42,-41,-39,-38,-37,-36,-34,-33,-31,-30,-28,-26,-24,-23,-22,-21,-21,-21,-21,-22,-23,-25,-26,-28,-29,-31,-32,-33,-34,-35,-36,-37,-38,-39,-41,-42,-43,-44,-45,-46,-46,-45,-44,-43,-41,-38,-36,-33,-30,-25,-19,-13,-8,1,18,28,34,38,40,41,39,35,30,24,16,3,-6,-10,-12,-14,-17,-19,-20,-22,-23,-24,-24,-24,-24,-24,-23,-23,-22,-21,-19,-18,-16,-14,-12,-6,5,24,57,107,173,248,314,332,323,257,144,20,-70,-96,-95,-61,-21,-5,0,0,-11,-24,-36,-41,-45,-48,-50,-49,-41,-34,-30,-27,-25,-23,-21,-18,-16,-13,-12,-10,-9,-8,-6,-6,-5,-5,-4,-4,-3,-2,-1,0,1,2,4,7,9,11,12,14,16,20,24,30,35,39,45,57,76,95,113,131,149,167,186,199,208,215,222,227,233,237,237,233,226,218,207,198,185,169,144,116,97,80,70,59,49,34,10,-4,-12,-18,-25,-31,-37,-43,-50,-56,-61,-65,-68,-71,-72,-74,-76,-77,-78,-78,-77,-77,-76,-75,-74,-72,-70,-68,-66,-65,-64,-63,-62,-62,-63,-63,-64,-64,-64,-64,-63,-62,-62,-61,-60,-60,-59,-59,-59,-59,-60,-60,-60,-59,-59,-58,-58,-57,-56,-55,-55,-54,-54,-54,-54,-55,-55,-54,-54,-54,-53,-53,-52,-51,-50,-49,-48,-48,-47,-46,-44,-42,-41,-39,-38,-36,-35,-32,-28,-24,-20,-17,-15,-11,-6,0,8,16,23,29,34,38,41,42,40,36,30,23,17,9,0,-8,-17,-21,-24,-27,-30,-33,-35,-37,-39,-40,-41,-41,-42,-42,-43,-43,-42,-42,-41,-41,-42,-44,-36,-12,26,83,158,245,323,353,345,274,155,29,-67,-102,-114,-93,-73,-57,-48,-48,-47,-45,-44,-42,-43,-46,-48,-52,-54,-48,-38,-33,-30,-29,-27,-26,-25,-24,-22,-20,-17,-16,-14,-13,-12,-11,-10,-9,-8,-6,-3,5,13,19,23,26,29,31,34,37,40,43,46,50,54,61,75,87,99,111,124,137,151,164,177,190,207,216,221,226,230,233,234,234,233,231,228,224,218,207,186,166,143,115,91,69,47,25,5,-10,-22,-38,-46,-50,-53,-56,-58,-60,-62,-63,-65,-67,-69,-70,-72,-73,-73,-74,-75,-76,-78,-80,-82,-84,-86,-88,-90,-91,-92,-93,-93,-92,-92,-90,-89,-87,-85,-83,-81,-79,-78,-77,-76,-75,-74,-73,-72,-71,-70,-69,-68,-67,-67,-67,-67,-67,-67,-67,-68,-68,-69,-69,-68,-68,-67,-67,-66,-66,-65,-64,-63,-63,-62,-62,-62,-61,-60,-59,-58,-58,-57,-56,-56,-55,-55,-54,-53,-52,-51,-50,-49,-48,-46,-41,-36,-31,-26,-21,-15,-8,-1,3,7,10,13,14,14,11,6,0,-9,-23,-39,-47,-53,-58,-61,-65,-67,-68,-69,-70,-70,-71,-71,-72,-72,-74,-75,-74,-68,-59,-45,-25,-5,13,47,90,140,194,243,267,264,222,137,39,-46,-94,-112,-113,-105,-93,-75,-66,-63,-60,-58,-57,-55,-54,-52,-49,-47,-46,-45,-45,-44,-43,-42,-40,-37,-34,-30,-25,-20,-13,-7,-2,0,3,5,8,11,13,15,17,19,22,24,25,27,29,32,36,45,53,61,71,82,95,106,115,124,131,142,158,174,191,207,219,230,239,247,255,262,268,274,278,279,278,272,264,251,230,196,165,133,98,77,56,36,21,10,2,-8,-22,-38,-56,-69,-76,-81,-85,-88,-90,-92,-93,-94,-94,-95,-94,-93,-89,-84,-80,-76,-74,-72,-71,-69,-68,-66,-65,-63,-61,-60,-58,-57,-57,-57,-57,-58,-58,-57,-57,-57,-56,-56,-55,-55,-54,-54,-55,-56,-56,-57,-58,-58,-58,-59,-58,-58,-58,-58,-59,-60,-62,-63,-64,-65,-66,-66,-66,-65,-63,-60,-56,-53,-48,-41,-32,-22,-15,-9,-5,-1,1,4,8,11,14,16,18,18,15,11,4,-7,-28,-49,-63,-68,-71,-74,-76,-77,-76,-74,-72,-71,-70,-69,-67,-66,-64,-62,-61,-59,-57,-56,-53,-49,-32,-2,42,100,160,201,204,176,93,-10,-111,-167,-186,-172,-148,-126,-116,-111,-108,-106,-103,-101,-99,-97,-94,-92,-91,-90,-88,-86,-84,-81,-78,-75,-71,-66,-55,-47,-42,-38,-35,-33,-32,-31,-32,-33,-34,-35,-36,-38,-39,-37,-33,-27,-22,-14,-6,2,11,18,25,31,36,44,54,65,77,89,100,111,121,131,142,152,165,179,192,202,209,214,218,220,220,217,211,204,190,166,147,132,119,102,78,51,25,0,-22,-41,-60,-81,-101,-109,-112,-115,-117,-119,-120,-122,-123,-123,-123,-122,-122,-120,-118,-115,-112,-109,-106,-103,-100,-95,-90,-84,-80,-75,-71,-66,-60,-54,-49,-45,-43,-40,-38,-36,-34,-33,-31,-30,-29,-28,-28,-27,-27,-26,-25,-22,-20,-20,-23,-26,-30,-34,-39,-42,-36,-26,-18,-12,-6,0,6,11,16,21,27,32,37,41,45,49,53,58,63,64,61,55,46,36,21,7,-7,-20,-25,-28,-29,-31,-32,-33,-33,-34,-34,-34,-33,-32,-31,-28,-25,-21,-17,-11,0,10,23,41,62,85,112,139,159,173,174,161,124,52,-31,-107,-147,-149,-120,-65,-16,-2,0,1,1,2,4,6,9,12,14,15,17,18,19,20,21,22,22,21,20,19,18,15,13,11,9,7,6,5,3,1,0,-2,-3,-3,-3,-2,0,3,7,12,18,28,38,48,57,67,77,87,103,124,141,154,167,177,185,192,197,203,211,221,232,238,243,247,250,251,250,246,240,231,216,191,167,145,127,113,91,68,46,31,16,2,-11,-25,-39,-46,-49,-51,-53,-54,-55,-55,-55,-55,-54,-52,-49,-46,-43,-41,-39,-36,-34,-32,-31,-30,-30,-29,-28,-27,-26,-26,-27,-27,-28,-29,-30,-31,-33,-35,-36,-37,-38,-38,-39,-39,-40,-40,-39,-39,-39,-40,-41,-41,-42,-41,-41,-41,-41,-41,-40,-39,-37,-34,-33,-31,-30,-29,-27,-25,-23,-22,-20,-18,-15,-12,-10,-8,-6,-6,-6,-8,-10,-13,-17,-21,-27,-32,-39,-51,-58,-60,-62,-63,-64,-66,-67,-69,-70,-70,-71,-71,-70,-68,-66,-62,-59,-54,-49,-43,-31,0,36,65,83,96,96,78,25,-46,-125,-184,-207,-207,-187,-155,-135,-133,-133,-132,-132,-132,-132,-132,-131,-130,-130,-129,-129,-130,-130,-129,-128,-127,-126,-125,-123,-122,-121,-119,-118,-116,-115,-113,-111,-108,-106,-103,-100,-94,-86,-79,-72,-66,-60,-55,-50,-44,-37,-30,-21,-10,4,15,23,31,39,49,60,72,84,96,108,123,140,158,175,188,200,211,218,224,230,234,235,233,229,221,211,192,156,119,88,61,36,14,-11,-24,-30,-35,-39,-42,-45,-47,-48,-48,-48,-48,-47,-46,-45,-44,-43,-42,-42,-42,-42,-41,-41,-40,-39,-37,-34,-31,-26,-21,-17,-12,-6,0,5,9,12,14,15,16,17,18,19,19,19,19,19,19,20,20,20,19,19,20,21,23,24,24,25,25,26,27,29,30,32,33,36,39,44,48,52,56,60,63,67,72,79,90,96,98,101,104,106,101,91,79,65,53,46,42,38,34,30,26,21,16,13,12
