-273,-326,-377,-425,-443,-454,-445,-415,-399,-387,-376,-365,-353,-343,-333,-321,-306,-292,-273,-248,-221,-194,-170,-152,-137,-125,-116,-107,-96,-85,-72,-58,-45,-32,-15,0,3,3,3,3,3,3,4,4,4,4,3,2,0,-1,-3,-5,-7,-8,-9,-9,-8,-6,-3,0,1,4,5,7,9,11,14,17,21,26,31,37,42,46,49,51,52,52,52,51,51,51,51,52,53,54,56,57,59,61,64,67,70,75,82,91,108,122,134,148,165,189,207,219,229,238,244,251,262,278,297,314,327,341,353,368,386,404,414,421,427,431,433,435,436,437,438,440,442,445,446,443,436,429,424,420,415,411,407,402,397,393,389,385,380,370,352,334,324,318,313,309,306,302,297,293,289,285,280,275,265,256,251,247,243,240,238,236,233,230,225,221,215,210,204,197,189,178,167,154,141,130,120,112,107,103,99,95,92,89,85,82,79,75,71,67,62,54,47,41,35,29,22,17,14,17,24,34,51,83,119,157,198,228,246,257,247,217,163,98,29,-34,-94,-119,-132,-141,-145,-138,-122,-104,-82,-61,-40,-20,-1,16,31,36,37,37,37,36,36,36,35,35,36,36,36,36,35,34,33,32,31,30,30,31,32,35,37,40,43,45,47,48,49,50,50,51,53,55,58,62,66,71,76,81,86,90,94,98,103,110,118,124,127,127,123,118,112,105,94,82,71,52,24,5,-5,-15,-23,-31,-39,-49,-61,-74,-86,-96,-106,-117,-127,-137,-145,-152,-158,-164,-170,-175,-179,-182,-184,-187,-189,-191,-192,-192,-191,-188,-185,-181,-177,-172,-167,-164,-161,-160,-158,-156,-154,-153,-152,-150,-149,-147,-146,-144,-143,-143,-142,-141,-140,-139,-138,-136,-135,-132,-130,-128,-125,-122,-119,-114,-110,-106,-102,-98,-94,-90,-86,-81,-76,-70,-60,-50,-41,-34,-27,-21,-16,-11,-6,-1,3,6,11,17,27,43,58,64,67,69,71,72,73,75,76,78,80,82,83,84,85,87,90,94,98,106,122,141,156,170,178,180,180,180,180,180,180,179,174,167,160,155,152,148,145,141,138,136,134,133,133,134,135,136,138,140,143,146,148,151,155,159,164,172,179,187,197,216,247,276,303,346,396,417,430,439,422,371,315,259,208,161,109,84,63,50,66,91,121,144,158,171,184,204,237,253,259,263,267,271,274,276,277,279,281,283,284,284,282,281,280,280,280,279,279,280,281,282,284,285,285,285,285,285,284,284,284,285,286,287,289,290,291,292,294,295,296,298,299,301,302,302,300,295,289,283,277,270,262,254,248,241,232,212,184,165,151,139,123,98,74,56,40,20,-2,-24,-50,-73,-87,-97,-105,-111,-114,-117,-120,-124,-130,-136,-143,-151,-158,-167,-176,-182,-185,-188,-191,-193,-195,-197,-198,-198,-199,-201,-203,-206,-209,-212,-215,-217,-220,-224,-227,-230,-233,-236,-239,-243,-246,-250,-254,-258,-261,-264,-267,-269,-272,-275,-280,-286,-293,-300,-306,-312,-317,-323,-330,-336,-341,-347,-353,-359,-367,-374,-380,-385,-391,-396,-401,-404,-406,-407,-408,-408,-408,-409,-411,-413,-414,-414,-410,-401,-391,-381,-370,-360,-350,-341,-335,-329,-325,-321,-320,-319,-321,-324,-329,-334,-339,-343,-347,-352,-356,-360,-364,-366,-368,-370,-370,-370,-369,-367,-365,-363,-360,-358,-354,-351,-347,-342,-334,-324,-314,-305,-294,-272,-244,-204,-161,-115,-76,-62,-63,-84,-143,-230,-322,-403,-447,-463,-462,-445,-420,-392,-367,-342,-316,-288,-263,-245,-225,-208,-195,-181,-166,-155,-146,-139,-132,-126,-120,-115,-109,-103,-96,-89,-80,-71,-62,-51,-41,-33,-26,-19,-13,-5,3,13,24,35,44,52,60,66,71,76,82,88,94,100,108,118,132,141,145,148,150,152,154,155,156,156,155,153,150,146,140,134,124,106,88,70,52,34,19,6,-6,-19,-32,-45,-57,-70,-75,-78,-81,-85,-88,-90,-93,-95,-97,-99,-101,-102,-102,-101,-100,-99,-98,-97,-95,-94,-92,-90,-88,-86,-83,-80,-77,-73,-70,-66,-62,-58,-55,-52,-50,-48,-48,-48,-50,-52,-55,-56,-59,-61,-62,-64,-64,-65,-66,-67,-68,-69,-70,-70,-71,-71,-70,-69,-69,-69,-69,-69,-71,-72,-74,-75,-76,-78,-78,-79,-79,-80,-81,-83,-85,-87,-90,-92,-95,-96,-98,-99,-100,-101,-103,-104,-105,-107,-109,-111,-113,-114,-116,-117,-118,-117,-116,-114,-112,-109,-106,-103,-100,-98,-98,-97,-96,-96,-94,-92,-89,-87,-84,-81,-80,-79,-78,-76,-75,-74,-73,-71,-69,-65,-59,-52,-44,-25,11,63,113,162,209,227,228,213,167,76,-26,-120,-174,-193,-200,-195,-183,-169,-151,-135,-118,-102,-85,-68,-52,-31,-20,-14,-9,-5,-2,0,1,4,6,9,11,12,14,16,19,25,32,41,51,62,73,82,89,95,101,105,108,112,116,121,127,133,139,145,152,159,167,174,179,184,190,198,209,218,227,233,237,242,245,247,247,245,242,237,230,222,211,195,181,169,150,119,95,80,70,63,58,50,40,26,21,18,16,14,12,11,10,9,8,6,5,5,4,3,3,3,2,2,1,1,0,0,0,0,0,0,0,0,0,0,0,1,3,4,5,7,8,10,10,6,1,-3,-6,-8,-11,-14,-17,-21,-23,-25,-26,-27,-27,-28,-29,-29,-30,-30,-32,-34,-35,-37,-39,-40,-41,-42,-42,-42,-41,-39,-37,-35,-33,-31,-28,-26,-22,-15,0,7,13,18,24,32,42,54,69,84,96,106,116,125,132,138,143,147,147,143,136,130,125,121,117,113,110,106,102,98,95,92,89,85,81,78,74,72,70,68,66,64,62,61,59,58,57,57,57,58,60,62,66,71,89,122,169,230,295,351,381,382,353,277,169,51,-50,-109,-129,-119,-103,-86,-74,-65,-51,-32,-7,15,31,48,56,61,65,68,70,72,74,76,78,80,81,83,84,86,87,89,91,93,95,98,101,105,110,115,120,126,135,143,150,156,161,167,172,178,184,189,195,203,215,226,240,261,277,284,290,296,301,306,310,315,319,322,323,322,320,316,310,301,280,254,229,207,190,177,162,143,125,105,88,76,61,49,38,29,21,15,10,7,3,0,-4,-7,-10,-12,-14,-16,-18,-20,-22,-25,-28,-31,-35,-40,-43,-47,-50,-52,-54,-56,-58,-60,-62,-63,-65,-67,-70,-72,-74,-77,-79,-81,-83,-84,-85,-87,-87,-88,-90,-91,-94,-96,-98,-100,-101,-102,-104,-105,-105,-105,-104,-104,-103,-102,-101,-101,-100,-99,-97,-97,-96,-94,-91,-98,-103,-105,-107,-110,-112,-113,-114,-115,-115,-115,-114,-112,-109,-106,-103,-100,-98,-97,-95,-94,-92,-91,-90,-88,-86,-85,-83,-82,-80,-79,-78,-77,-77,-76,-76,-76,-76,-76,-75,-74,-72,-70,-67,-67,-73,-80,-87,-95,-103,-111,-119,-123,-126,-129,-132,-135,-137,-138,-139,-141,-142,-142,-142,-142,-141,-139,-138,-136,-134,-132,-129,-125,-121,-112,-90,-70,-49,-12,34,92,155,210,236,232,184,77,-62,-204,-307,-332,-326,-274,-222,-201,-191,-186,-176,-161,-138,-110,-91,-76,-65,-59,-56,-54,-51,-49,-47,-45,-43,-41,-39,-36,-34,-31,-28,-24,-20,-15,-11,-6,0,4,11,19,27,32,36,39,42,45,47,50,54,58,64,71,82,98,109,116,122,126,132,139,146,154,163,170,175,179,183,188,191,191,186,177,167,153,140,122,101,86,77,66,56,45,31,20,10,2,-9,-25,-35,-43,-50,-55,-59,-61,-61,-61,-61,-62,-62,-62,-62,-62,-62,-62,-62,-62,-62,-61,-60,-58,-57,-56,-54,-52,-50,-49,-48,-48,-48,-48,-48,-47,-47,-46,-45,-44,-43,-43,-43,-44,-45,-47,-50,-52,-53,-55,-56,-57,-58,-59,-59,-58,-58,-58,-58,-59,-60,-61,-61,-62,-63,-63,-63,-64,-63,-63,-62,-62,-62,-63,-63,-64,-64,-65,-65,-65,-65,-66,-67,-67,-68,-69,-70,-70,-70,-71,-71,-71,-72,-72,-74,-76,-78,-80,-81,-80,-77,-73,-69,-65,-61,-58,-55,-52,-49,-47,-44,-41,-39,-37,-34,-32,-30,-28,-26,-25,-23,-20,-18,-15,-12,-9,-6,-2,0,4,7,11,14,17,21,26,32,36,39,38,35,31,24,17,6,-11,-19,-23,-26,-29,-32,-34,-34,-33,-31,-28,-25,-24,-22,-20,-19,-17,-16,-15,-14,-13,-11,-10,-10,-10,-9,-8,-5,-2,1,6,30,68,116,172,236,303,351,367,346,279,154,5,-126,-195,-218,-198,-163,-147,-146,-146,-145,-140,-125,-78,-27,-2,8,13,17,18,19,20,22,23,24,25,27,28,29,29,30,31,33,35,37,38,40,41,43,45,48,52,56,59,63,68,75,89,112,122,126,129,131,134,136,139,142,145,148,151,154,157,160,163,166,170,173,176,180,182,182,182,180,177,173,168,163,158,148,138,129,119,101,77,55,34,14,-7,-30,-44,-46,-47,-47,-47,-47,-47,-47,-47,-47,-47,-49,-50,-50,-51,-51,-52,-52,-53,-55,-56,-58,-60,-66,-71,-71,-66,-60,-58,-57,-55,-54,-52,-51,-49,-47,-46,-46,-45,-45,-46,-47,-48,-49,-50,-51,-51,-52,-53,-53,-53,-52,-52,-51,-52,-54,-56,-54,-49,-46,-42,-39,-37,-36,-36,-37,-37,-38,-38,-39,-41,-42,-44,-45,-46,-47,-48,-48,-48,-46,-43,-40,-37,-34,-31,-29,-26,-24,-21,-19,-16,-12,-9,-5,-1,0,2,2,1,0,0,-2,-3,-5,-7,-9,-11,-13,-18,-24,-27,-27,-25,-23,-23,-23,-24,-25,-25,-25,-24,-23,-22,-22,-22,-22,-22,-22,-22,-21,-21,-20,-18,-17,-16,-15,-14,-12,-10,-8,-5,-3,0,2,6,10,14,16,18,19,19,20,22,26,28,22,9,-3,-18,-22,-23,-24,-25,-26,-27,-27,-28,-29,-29,-29,-29,-29,-28,-27,-25,-23,-21,-19,-17,-16,-13,-11,-5,2,11,24,46,76,120,167,216,233,248,210,127,16,-94,-176,-204,-200,-172,-146,-117,-92,-76,-66,-59,-52,-46,-38,-27,-12,1,11,20,29,33,36,38,41,43,45,48,50,51,52,53,53,53,54,54,55,56,57,59,61,64,67,70,74,78,82,88,96,105,115,126,139,154,161,165,170,174,177,179,181,182,183,184,184,183,183,181,180,178,176,173,170,166,160,146,133,120,106,92,77,63,49,37,27,15,1,-8,-16,-22,-28,-34,-39,-45,-49,-52,-54,-56,-58,-60,-62,-63,-63,-64,-65,-66,-67,-67,-67,-66,-65,-63,-61,-59,-57,-55,-52,-50,-48,-47,-47,-47,-47,-47,-47,-46,-46,-46,-45,-44,-43,-42,-42,-42,-43,-43,-43,-43,-42,-41,-41,-41,-40,-39,-38,-37,-37,-37,-37,-37,-36,-35,-34,-34,-34,-34,-34,-35,-36,-37,-38,-40,-41,-42,-42,-42,-42,-41,-40,-38,-36,-35,-33,-33,-32,-32,-32,-32,-32,-31,-30,-29,-28,-26,-26,-25,-24,-23,-23,-23,-23,-23,-23,-23,-23,-23,-23,-23,-24,-24,-24,-24,-24,-24,-24,-24,-23,-22,-21,-20,-20,-19,-19,-18,-17,-15,-15,-14,-13,-12,-10,-8,-6,-5,-3,-1,1,4,6,8,8,8,7,4,1,-1,-6,-11,-16,-20,-23,-26,-30,-35,-40,-44,-48,-50,-52,-53,-55,-57,-58,-59,-60,-61,-62,-64,-66,-68,-69,-69,-69,-68,-65,-60,-55,-48,-33,-6,33,75,119,163,204,218,212,190,115,11,-100,-191,-228,-229,-194,-152,-140,-133,-125,-119,-112,-98,-73,-58,-50,-45,-41,-39,-39,-38,-37,-35,-33,-31,-30,-29,-28,-26,-23,-20,-17,-13,-11,-9,-6,-3,0,3,7,11,15,18,22,27,31,35,39,44,50,56,61,65,69,72,76,80,85,90,95,101,108,115,120,126,131,136,139,141,141,139,137,134,130,125,118,107,95,81,67,52,40,29,17,2,-12,-23,-33,-41,-48,-54,-57,-58,-60,-61,-63,-64,-65,-66,-67,-68,-69,-69,-69,-69,-68,-68,-67,-66,-65,-64,-63,-63,-63,-62,-61,-60,-58,-57,-55,-54,-54,-52,-51,-51,-50,-50,-50,-49,-49,-48,-47,-47,-47,-46,-45,-45,-45,-46,-47,-48,-48,-48,-49,-49,-50,-50,-50,-51,-51,-51,-52,-53,-54,-55,-55,-56,-56,-57,-57,-57,-56,-55,-54,-53,-52,-51,-50,-49,-47,-46,-44,-43,-42,-40,-39,-38,-37,-37,-37,-38,-39,-40,-41,-42,-44,-46,-49,-49,-48,-44,-38,-31,-22,-21,-20,-19,-18,-16,-16,-17,-20,-23,-26,-28,-30,-32,-35,-37,-38,-38,-36,-34,-30,-27,-24,-21,-18,-14,-10,-7,-4,-1,2,6,10,13,16,19,22,25,28,30,31,30,29,26,23,20,15,9,-1,-14,-22,-27,-32,-36,-37,-36,-31,-26,-22,-18,-14,-10,-6,-3,-3,-4,-7,-10,-14,-18,-25,-29,-27,-19,4,34,78,136,196,247,276,286,276,247,192,121,45,-23,-75,-95,-104,-111,-110,-99,-82,-58,-31,-9,9,30,40,45,49,52,54,55,56,57,58,60,61,62,63,64,65,66,68,69,70,70,71,71,72,73,74,75,77,80,82,81,79,76,72,74,88,101,111,120,126,131,136,139,142,145,148,152,156,160,164,167,172,176,180,182,182,180,178,175,170,162,143,127,117,108,102,91,75,60,49,40,32,23,13,0,-18,-30,-35,-39,-42,-44,-46,-47,-49,-50,-51,-51,-52,-52,-53,-53,-54,-54,-55,-55,-55,-55,-55,-54,-54,-53,-53,-53,-53,-53,-54,-55,-55,-56,-57,-58,-58,-59,-60,-60,-61,-63,-64,-66,-68,-70,-72,-74,-75,-76,-78,-80,-82,-83,-85,-87,-88,-90,-91,-92,-92,-92,-91,-90,-88,-86,-84,-82,-80,-78,-76,-74,-72,-68,-65,-60,-56,-52,-49,-45,-42,-38,-35,-32,-29,-27,-26,-23,-19,-17,-18,-20,-20,-21,-21,-22,-22,-23,-23,-24,-25,-25,-25,-25,-25,-24,-23,-22,-21,-20,-19,-18,-17,-17,-16,-15,-14,-13,-12,-10,-7,-3,0,2,4,7,11,14,16,18,21,23,26,29,32,34,34,35,35,36,36,36,35,35,34,34,35,35,36,35,32,30,27,25,22,18,13,8,3,-1,-6,-11,-17,-22,-27,-31,-34,-38,-41,-44,-47,-48,-47,-45,-42,-39,-36,-31,-23,-15,-6,6,24,54,86,120,157,197,234,258,257,232,160,60,-42,-123,-154,-164,-151,-136,-125,-116,-109,-96,-77,-55,-34,-16,-3,4,9,14,16,16,13,9,6,3,0,-1,-1,1,7,11,14,16,19,21,24,27,29,32,33,35,36,38,40,42,47,56,65,72,77,83,89,96,103,111,118,123,129,138,156,168,174,179,182,184,184,183,179,176,172,169,165,162,158,154,151,147,142,132,112,91,73,57,43,30,14,0,-10,-18,-22,-24,-26,-28,-29,-30,-32,-34,-37,-41,-44,-47,-50,-53,-56,-59,-62,-63,-63,-62,-60,-59,-58,-57,-56,-54,-53,-52,-51,-50,-49,-47,-45,-43,-42,-41,-41,-41,-41,-40,-41,-41,-42,-41,-40,-38,-37,-36,-37,-38,-40,-42,-43,-44,-45,-46,-47,-48,-49,-49,-50,-50,-50,-51,-52,-52,-53,-53,-53,-54,-55,-56,-56,-56,-57,-57,-58,-59,-60,-61,-61,-61,-60,-60,-59,-58,-56,-54,-51,-49,-47,-46,-45,-42,-40,-38,-37,-37,-39,-41,-42,-44,-45,-47,-49,-50,-51,-52,-52,-51,-51,-51,-50,-48,-47,-46,-46,-45,-45,-44,-43,-42,-41,-40,-40,-40,-39,-39,-38,-38,-37,-36,-35,-33,-31,-29,-27,-24,-20,-16,-11,-2,9,13,16,19,20,17,8,1,-7,-14,-21,-24,-26,-28,-30,-32,-33,-35,-37,-39,-40,-41,-42,-43,-43,-44,-45,-46,-47,-49,-52,-54,-56,-55,-53,-48,-43,-35,-23,-13,11,41,82,135,195,255,292,305,288,237,140,27,-75,-146,-163,-169,-157,-141,-128,-117,-104,-80,-50,-24,-8,1,8,14,19,23,28,32,35,38,40,42,43,44,45,47,48,50,52,54,56,57,59,61,63,65,67,69,72,75,78,81,83,86,90,94,100,107,114,120,128,138,147,157,165,172,177,181,184,187,189,191,193,195,196,196,196,194,191,186,181,173,159,145,131,117,105,92,80,65,53,42,32,24,16,8,0,-11,-20,-29,-37,-43,-47,-49,-50,-52,-53,-54,-55,-56,-56,-56,-57,-57,-56,-56,-55,-55,-55,-55,-55,-54,-54,-53,-52,-51,-50,-49,-48,-48,-48,-48,-49,-50,-51,-51,-52,-52,-52,-52,-52,-52,-52,-53,-53,-54,-55,-56,-53,-48,-46,-44,-42,-41,-39,-38,-37,-36,-36,-36,-35,-36,-37,-38,-40,-41,-42,-43,-45,-47,-49,-50,-50,-50,-49,-48,-47,-46,-44,-41,-39,-38,-37,-36,-35,-33,-30,-26,-24,-23,-23,-24,-25,-26,-27,-28,-30,-32,-34,-36,-37,-38,-39,-39,-39,-38,-37,-35,-32,-30,-27,-26,-24,-23,-23,-22,-20,-19,-17,-15,-12,-10,-7,-4,-2,-1,0,1,2,3,3,3,3,3,4,4,5,6,6,6,7,7,8,9,10,11,8,1,-4,-8,-12,-15,-19,-22,-25,-28,-31,-33,-36,-38,-41,-44,-49,-54,-53,-48,-39,-30,-16,-1,11,22,27,29,30,32,33,34
