264,309,356,410,427,431,432,432,433,432,428,422,418,415,414,411,407,404,402,401,400,400,400,401,403,406,410,415,419,423,426,430,437,442,446,445,440,432,422,409,388,370,353,335,317,308,301,295,290,288,289,291,294,297,299,301,303,305,308,311,312,313,314,314,314,313,311,309,307,305,302,299,292,283,293,323,377,457,557,677,812,944,1058,1136,1162,1144,1091,977,832,680,540,409,293,208,168,154,170,198,229,250,262,270,273,275,277,282,280,264,249,235,221,206,193,181,170,162,156,154,152,150,149,147,146,145,145,144,142,141,139,139,139,139,139,138,138,139,139,139,137,135,133,140,153,160,165,170,175,180,184,187,189,190,192,193,195,197,200,202,201,195,184,166,140,114,86,64,51,38,25,6,-21,-39,-47,-53,-62,-72,-82,-90,-98,-104,-110,-116,-122,-128,-134,-140,-146,-152,-155,-157,-157,-155,-151,-145,-139,-133,-128,-124,-120,-117,-115,-113,-111,-108,-105,-102,-99,-96,-95,-94,-93,-92,-91,-90,-89,-88,-87,-85,-83,-80,-77,-76,-77,-78,-79,-80,-82,-83,-84,-84,-85,-85,-84,-84,-83,-83,-83,-83,-82,-83,-84,-85,-86,-87,-89,-91,-93,-95,-98,-103,-112,-119,-119,-112,-102,-93,-82,-70,-55,-29,-10,-6,-4,-3,-2,0,0,0,0,-1,-2,-2,-4,-5,-7,-8,-9,-10,-12,-15,-18,-20,-22,-24,-27,-30,-34,-38,-41,-45,-49,-54,-59,-64,-68,-69,-70,-70,-71,-71,-71,-70,-70,-71,-72,-74,-73,-70,-66,-62,-57,-53,-47,-40,-33,-24,-8,45,127,222,322,431,544,660,760,793,787,717,598,462,324,193,77,-27,-105,-134,-144,-121,-95,-75,-62,-52,-44,-38,-32,-25,-16,-7,0,4,10,15,21,26,30,34,39,45,55,61,64,67,68,70,72,75,77,81,86,93,101,114,133,136,138,140,141,142,144,147,150,155,161,169,183,212,232,244,252,259,264,269,274,278,281,282,279,273,266,255,239,229,223,219,216,212,208,203,197,188,176,157,138,113,79,56,45,36,30,24,20,17,13,9,5,1,0,0,3,9,17,27,43,55,63,70,76,78,77,74,70,68,66,65,63,61,59,59,60,62,65,69,72,75,78,82,86,89,91,90,87,83,79,75,72,70,68,67,66,65,64,64,63,63,62,62,61,59,57,55,54,52,50,48,45,41,37,32,24,14,4,-4,-11,-19,-30,-44,-58,-71,-84,-97,-107,-114,-118,-121,-122,-122,-122,-121,-122,-123,-124,-126,-127,-129,-130,-131,-133,-135,-136,-138,-141,-145,-151,-157,-163,-169,-175,-182,-193,-211,-226,-238,-249,-254,-246,-232,-223,-214,-206,-201,-200,-204,-211,-219,-229,-244,-252,-246,-234,-229,-226,-223,-220,-218,-214,-211,-207,-203,-200,-196,-191,-184,-152,-82,7,124,263,420,574,722,808,813,744,547,281,12,-220,-327,-362,-344,-288,-258,-249,-265,-281,-293,-300,-301,-294,-287,-284,-282,-280,-278,-276,-274,-271,-267,-262,-258,-253,-249,-244,-239,-233,-226,-219,-213,-208,-203,-197,-191,-185,-179,-174,-168,-163,-157,-152,-148,-144,-140,-136,-132,-128,-123,-117,-110,-100,-82,-66,-50,-33,-7,10,22,32,38,43,46,49,50,53,56,59,61,61,59,53,44,34,21,0,-14,-26,-37,-49,-62,-72,-80,-88,-98,-112,-126,-137,-149,-159,-165,-166,-166,-166,-167,-169,-171,-160,-151,-146,-141,-139,-137,-135,-135,-134,-134,-134,-136,-139,-142,-146,-150,-148,-133,-121,-113,-105,-98,-92,-85,-78,-69,-64,-71,-83,-89,-93,-97,-101,-104,-107,-109,-111,-114,-115,-115,-115,-115,-114,-113,-112,-111,-111,-110,-110,-109,-109,-108,-107,-106,-104,-102,-100,-97,-96,-94,-93,-92,-90,-89,-87,-86,-85,-84,-82,-79,-76,-73,-69,-64,-58,-51,-35,-8,1,6,11,14,17,19,20,20,19,17,14,9,4,-1,-9,-24,-37,-49,-58,-67,-74,-81,-88,-94,-100,-105,-109,-112,-114,-114,-111,-108,-104,-100,-97,-95,-93,-92,-90,-88,-86,-84,-82,-80,-79,-78,-78,-77,-76,-74,-71,-68,-46,7,97,221,374,543,709,847,921,925,863,701,471,190,-64,-260,-338,-341,-281,-196,-156,-142,-141,-143,-147,-150,-132,-115,-102,-92,-81,-73,-69,-66,-62,-58,-54,-52,-49,-46,-43,-40,-36,-32,-29,-25,-20,-13,-6,0,6,12,17,21,25,29,33,37,41,46,50,56,62,69,76,83,89,96,104,115,129,142,153,169,194,208,215,221,225,227,228,227,224,220,214,207,197,178,164,146,121,99,83,67,54,45,36,27,18,7,-4,-15,-27,-32,-35,-37,-38,-39,-39,-40,-40,-41,-43,-45,-48,-50,-52,-54,-56,-58,-60,-61,-63,-66,-69,-76,-83,-88,-88,-84,-78,-72,-65,-54,-45,-37,-34,-31,-29,-26,-23,-21,-20,-19,-18,-18,-18,-18,-20,-23,-26,-29,-31,-33,-35,-36,-38,-39,-39,-39,-40,-42,-44,-46,-48,-48,-48,-47,-46,-45,-43,-41,-39,-36,-34,-33,-32,-32,-30,-28,-26,-24,-22,-20,-18,-14,-10,-6,-2,0,5,11,20,28,35,42,51,65,87,107,133,161,173,180,186,189,190,189,183,176,168,161,152,143,134,125,114,98,77,59,48,41,35,30,24,19,13,7,0,-10,-20,-27,-32,-35,-38,-42,-45,-49,-52,-55,-56,-57,-57,-57,-56,-55,-53,-51,-48,-45,-40,-35,-8,60,160,288,435,591,748,892,997,1012,977,799,530,238,-28,-206,-254,-250,-180,-107,-79,-71,-66,-62,-58,-54,-49,-45,-41,-39,-38,-37,-35,-34,-32,-29,-27,-25,-23,-21,-18,-16,-14,-13,-11,-7,-2,2,6,11,16,22,29,36,44,50,56,65,77,79,72,64,56,57,73,87,98,109,121,134,152,176,197,211,220,227,233,238,243,248,255,265,270,263,250,234,215,203,189,167,142,114,83,49,28,18,11,6,0,-6,-12,-17,-23,-28,-33,-38,-43,-48,-51,-53,-55,-56,-58,-60,-61,-61,-61,-60,-60,-60,-61,-61,-60,-60,-61,-64,-67,-70,-72,-74,-75,-77,-79,-81,-84,-86,-89,-93,-98,-104,-110,-116,-121,-125,-128,-129,-129,-127,-125,-121,-117,-113,-110,-105,-101,-96,-88,-80,-72,-67,-62,-56,-51,-47,-42,-38,-33,-27,-22,-17,-15,-13,-11,-8,-6,-3,-1,0,3,6,9,11,13,13,14,16,18,20,22,24,27,31,34,38,41,44,47,49,52,56,59,63,67,71,76,81,87,92,97,100,102,103,102,101,98,94,90,84,79,74,68,58,45,33,21,9,0,-10,-20,-27,-31,-34,-35,-34,-34,-33,-33,-34,-34,-34,-34,-34,-35,-37,-39,-40,-42,-44,-46,-49,-54,-60,-72,-84,-94,-106,-119,-120,-109,-78,-28,46,153,290,450,627,805,964,1048,1044,935,687,363,45,-194,-284,-314,-295,-273,-256,-255,-264,-277,-272,-237,-214,-205,-199,-196,-194,-192,-189,-185,-181,-177,-173,-170,-167,-165,-163,-159,-154,-148,-142,-136,-129,-121,-110,-98,-88,-80,-71,-60,-46,-32,-19,-4,12,31,40,44,48,52,55,57,61,65,69,72,75,79,83,90,104,138,158,168,175,179,181,180,177,171,163,151,130,110,90,70,52,28,-3,-38,-81,-105,-115,-122,-128,-133,-137,-141,-145,-149,-151,-153,-156,-158,-160,-162,-167,-173,-176,-173,-166,-157,-148,-138,-128,-120,-113,-106,-100,-94,-88,-81,-74,-67,-59,-50,-37,-25,-17,-11,-6,-2,0,4,8,15,22,29,35,38,43,47,52,56,60,63,67,70,73,74,73,70,67,64,63,61,60,57,55,53,52,51,49,46,42,37,34,32,32,32,32,32,34,36,39,41,42,43,44,48,53,57,58,56,52,48,46,44,42,39,35,31,28,26,25,24,24,24,25,25,26,26,25,24,22,22,22,24,28,33,38,44,51,60,69,75,75,70,63,56,51,47,43,40,36,32,27,21,15,10,4,0,-6,-15,-30,-41,-48,-51,-53,-55,-58,-61,-65,-68,-71,-73,-75,-76,-78,-78,-78,-78,-80,-84,-90,-93,-91,-82,-72,-66,-61,-57,-52,-45,-38,-32,-26,-20,-8,36,126,251,403,570,738,876,948,948,867,670,402,103,-143,-288,-309,-268,-168,-96,-73,-95,-130,-159,-167,-171,-173,-174,-175,-177,-178,-180,-181,-182,-181,-181,-178,-175,-171,-166,-160,-155,-150,-145,-138,-124,-109,-96,-84,-76,-70,-64,-58,-52,-46,-42,-39,-34,-28,-17,2,23,36,44,50,57,65,73,80,90,104,127,152,170,184,194,202,208,213,218,223,227,231,233,233,230,224,216,205,185,153,125,91,59,36,13,3,-1,-5,-9,-12,-15,-18,-20,-22,-25,-27,-29,-30,-32,-33,-33,-33,-32,-32,-31,-31,-31,-31,-31,-31,-30,-30,-31,-31,-30,-30,-29,-29,-28,-28,-27,-27,-26,-26,-26,-26,-27,-28,-28,-29,-30,-31,-32,-33,-34,-36,-37,-38,-40,-41,-42,-43,-44,-45,-46,-46,-47,-49,-52,-55,-59,-63,-67,-71,-76,-80,-83,-86,-87,-88,-89,-90,-92,-94,-95,-98,-101,-105,-107,-109,-107,-102,-94,-84,-72,-60,-42,-25,-13,-3,1,5,8,10,11,13,14,14,15,15,15,15,16,16,16,17,17,18,19,21,22,23,24,26,28,31,34,39,43,48,55,71,83,88,91,92,94,95,96,97,97,97,96,96,96,96,96,94,93,91,89,87,84,81,77,73,68,64,60,55,50,39,28,19,11,7,4,1,-1,-4,-6,-7,-7,-7,-6,-4,-2,0,4,7,11,15,19,23,27,31,35,39,42,44,47,52,58,87,164,272,407,564,734,898,1036,1101,1097,1007,802,524,254,32,-55,-84,-53,-22,3,14,10,2,-2,-6,-11,-14,-13,-10,-3,4,12,19,27,34,42,48,54,60,65,71,75,78,81,83,85,88,91,95,98,101,104,107,110,112,114,116,118,121,126,132,144,157,173,191,205,217,227,236,243,249,255,260,264,268,272,275,279,282,284,285,283,281,276,271,265,258,251,238,225,212,198,182,163,145,127,100,59,28,9,-6,-19,-32,-45,-59,-73,-84,-92,-99,-104,-107,-108,-108,-108,-107,-107,-107,-108,-108,-109,-110,-112,-113,-115,-116,-118,-120,-122,-124,-125,-127,-129,-131,-134,-137,-139,-141,-143,-144,-146,-146,-146,-146,-146,-146,-147,-148,-149,-149,-149,-149,-149,-149,-149,-149,-148,-148,-148,-150,-152,-155,-157,-160,-163,-165,-169,-172,-175,-179,-190,-201,-206,-201,-190,-178,-171,-165,-159,-154,-149,-146,-145,-147,-149,-153,-156,-158,-160,-163,-166,-170,-173,-177,-179,-182,-183,-185,-184,-181,-176,-171,-165,-160,-156,-152,-148,-144,-141,-138,-137,-135,-133,-130,-126,-122,-120,-118,-116,-115,-113,-111,-110,-110,-110,-109,-107,-104,-101,-99,-96,-93,-87,-74,-62,-55,-49,-44,-37,-32,-29,-32,-40,-50,-59,-66,-74,-82,-91,-99,-107,-113,-119,-124,-129,-132,-133,-131,-126,-120,-113,-108,-103,-98,-94,-90,-86,-83,-80,-77,-74,-70,-67,-65,-64,-63,-61,-59,-56,-52,-46,-32,5,82,195,343,511,681,840,966,1025,1021,939,750,488,219,-10,-138,-158,-131,-38,18,37,15,-20,-55,-72,-81,-88,-90,-84,-72,-57,-42,-23,-9,-5,-2,1,6,5,-4,-12,-20,-24,-19,-9,-3,0,3,6,8,11,16,21,27,33,39,44,49,55,62,69,75,81,86,90,95,101,108,119,131,142,153,163,171,180,190,202,213,222,231,240,247,251,251,248,243,235,226,207,172,143,120,101,82,62,42,27,17,8,0,-6,-13,-17,-21,-26,-30,-34,-35,-35,-34,-33,-31,-29,-26,-22,-18,-16,-17,-21,-25,-29,-35,-37,-30,-17,-9,-3,2,9,16,23,29,36,43,51,58,64,69,74,77,80,83,86,89,92,94,95,96,97,98,98,97,96,95,94,93,92,92,92,90,88,86,85,83,77,73,72,72,72,73,74,75,75,75,75,75,75,75,73,69,65,62,61,60,59,56,53,50,49,51,54,58,61,63,64,65,67,68,70,70,71,72,73,75,77,78,80,81,82,85,88,92,96,100,106,116,127,135,141,145,150,155,159,163,164,162,157,151,145,141,138,135,133,130,128,126,124,121,119,116,114,112,110,106,103,99,95,90,79,58,40,32,28,25,22,19,17,15,14,14,15,15,15,16,18,21,24,27,30,34,38,43,49,55,61,70,106,166,259,390,548,729,904,1047,1110,1103,1002,785,510,227,12,-86,-119,-98,-60,-39,-33,-28,-42,-51,-55,-58,-61,-64,-66,-70,-75,-81,-88,-94,-99,-104,-108,-111,-116,-120,-125,-129,-133,-135,-137,-138,-138,-137,-135,-131,-126,-119,-113,-106,-95,-74,-69,-67,-65,-64,-63,-63,-61,-59,-55,-51,-47,-42,-36,-27,-8,8,30,59,93,119,129,135,141,145,148,148,145,139,131,122,108,85,68,45,15,-16,-52,-82,-101,-115,-127,-134,-140,-145,-149,-152,-154,-156,-157,-158,-158,-158,-159,-160,-161,-162,-163,-164,-164,-165,-166,-166,-165,-163,-160,-157,-155,-152,-150,-149,-148,-147,-148,-148,-148,-147,-146,-145,-144,-143,-142,-141,-139,-137,-136,-136,-135,-134,-131,-128,-125,-122,-120,-118,-116,-113,-110,-107,-106,-105,-104,-102,-100,-99,-98,-98,-98,-97,-96,-93,-92,-91,-90,-88,-86,-83,-80,-77,-75,-74,-72,-70,-68,-66,-64,-61,-58,-55,-51,-48,-45,-44,-43,-43,-43,-44,-45,-46,-48,-49,-50,-51,-51,-51,-50,-48,-47,-47,-47,-48,-48,-49,-48,-48,-47,-46,-43,-39,-33,-28,-23,-17,-11,0,12,20,24,28,32,37,43,46,47,41,33,24,17,10,1,-7,-17,-26,-35,-45,-56,-68,-82,-95,-103,-109,-114,-120,-126,-130,-134,-136,-137,-138,-138,-139,-140,-140,-140,-141,-142,-144,-146,-148,-148,-149,-148,-147,-144,-141,-136,-129,-120,-105,-70,-5,93,229,395,576,756,900,963,956,852,641,371,98,-121,-236,-275,-259,-232,-199,-177,-164,-156,-155,-160,-168,-176,-186,-191,-184,-168,-143,-109,-95,-89,-85,-82,-79,-76,-72,-67,-63,-59,-56,-53,-49,-46,-42,-38,-34,-30,-25,-21,-16,-12,-9,-6,-4,0,4,12,29,50,68,84,99,114,132,153,174,190,201,210,219,227,235,246,260,270,277,283,289,293,295,291,281,269,257,240,223,205,187,168,153,141,121,93,64,34,22,18,14,10,7,5,4,3,1,0,0,-1,0,0,2,4,6,9,12,15,19,24,28,38,63,75,80,85,88,91,92,93,92,92,91,90,88,86,84,81,80,79,78,77,75,73,72,71,71,71,70,70,71,72,73,75,76,76,76,76,77,78,80,83,85,79,67,61,55,50,45,41,38,37,37,37,39,40,42,44,46,42,34,28,23,17,11,3,-4,-12,-19,-26,-33,-38,-41,-40,-35,-29,-22,-14,-6,6,19,32,43,53,62,70,77,82,85,88,91,95,97,96,87,75,66,56,48,43,39,36,33,30,28,25,23,21,18,14,10,5,1,-2,-6,-11,-16,-22,-27,-30,-32,-34,-35,-36,-36,-35,-35,-35,-35,-35,-35,-36,-37,-38,-40,-42,-45,-47,-50,-53,-58,-68,-73,-68,-54,-15,61,164,297,448,612,789,942,1027,1027,937,722,446,164,-44,-120,-145,-123,-93,-71,-92,-128,-152,-161,-168,-164,-142,-127,-116,-108,-102,-96,-90,-86,-81,-77,-73,-71,-69,-67,-67,-67,-66,-65,-65,-64,-63,-61,-59,-57,-55,-53,-52,-52,-50,-48,-44,-40,-36,-28,-10,2,12,28,57,79,90,98,106,114,120,125,130,135,140,143,146,149,151,152,153,155,157,159,161,165,169,168,162,152,139,122,100,77,55,34,13,-6,-32,-55,-75,-86,-94,-99,-103,-107,-109,-111,-112,-110,-106,-98,-90,-81,-74,-65,-56,-49,-43,-40,-37,-37,-37,-36,-34,-32,-29,-28,-30,-33,-36,-39,-40,-40,-42,-43,-46,-48,-49,-50,-50,-50,-50,-50,-49,-47,-46,-45,-45,-46,-47,-50,-53,-56,-59,-61,-64,-66,-68,-70,-71,-72,-73,-76,-81,-87,-91,-92,-91,-88,-86,-84,-83,-81,-78,-74,-71,-69,-69,-69,-70,-71,-72,-73,-77,-81,-85,-87,-88,-89,-91,-93,-95,-92,-83,-71,-61,-54,-49,-44,-39,-33,-27,-22,-18,-14,-11,-8,-4,0,1,2,2,4,7,11,14,16,17,17,18,19,19,17,13,7,1,-4,-10,-16,-26,-36,-46,-56,-64,-70,-76,-81,-86,-90,-90,-88,-85,-82,-81,-80,-79,-78,-76,-73,-72,-72,-72,-72,-71,-70,-70,-70,-70,-71,-71,-70,-67,-64,-59,-52,-44,-5,58,158,296,459,637,820,980,1065,1061,948,690,379,80,-131,-195,-216,-192,-173,-163,-156,-151,-144,-137,-129,-121,-115,-108,-103,-100,-98,-97,-95,-93,-91,-88,-84,-81,-79,-76,-73,-71,-68,-66,-64,-62,-60,-57,-53,-49,-44,-38,-32,-26,-20,-12,-3,6,15,25,36,47,57,64,70,76,82,90,101,114,125,137,157,191,214,226,235,245,253,261,269,278,286,286,276,261,246,228,208,184,167,154,141,130,120,111,102,88,67,51,39,30,23,18,13,10,8,5,4,4,4,5,6,6,5,5,6,6,7,7,6,6,6,7,8,9,10,10,10,9,7,3,0,4,13,17,19,21,24,26,28,30,32,34,35,35,35,34,33,31,29,27,24,21,19,17,15,13,11,8,6,4,1,-3,-8,-12,-14,-14,-12,-10,-8,-6,-5,-3,0,1,3,3,1,-2,-7,-12,-16,-20,-24,-28,-31,-32,-34,-34,-35,-36,-37,-38,-37,-36,-35,-33,-30,-27,-22,-18,-14,-11,-8,-5,-2,2,6,10,14,18,21,23,24,25,25,26,26,27,27,27,27,27,28,29,30,30,29,25,20,13,5,-4,-18,-37,-62,-72,-77,-81,-86,-90,-95,-98,-101,-104,-107,-110,-113,-114,-114,-113,-112,-112,-113,-114,-114,-114,-114,-113,-112,-111,-109,-107,-104,-100,-95,-90,-83,-77,-37,32,129,255,406,575,752,908,993,994,905,688,408,116,-113,-232,-250,-219,-139,-114,-105,-100,-121,-145,-164,-173,-177,-181,-186,-188,-180,-165,-156,-149,-143,-137,-131,-124,-117,-110,-104,-98,-94,-89,-85,-82,-79,-75,-71,-67,-62,-57,-52,-49,-46,-43,-40,-37,-33,-29,-21,-11,-2,4,10,17,27,42,65,85,102,119,136,156,178,197,206,213,219,223,226,228,229,229,227,225,221,215,207,198,179,139,108,85,64,45,26,5,-3,-8,-12,-15,-18,-20,-22,-24,-27,-30,-33,-36,-38,-40,-42,-45,-47,-50,-55,-60,-64,-67,-65,-62,-57,-52,-47,-42,-38,-34,-30,-27,-24,-21,-18,-16,-15,-13,-12,-11,-10,-8,-7,-7,-6,-6,-7,-7,-8,-8,-7,-7,-6,-6,-6,-5,-3,-1,0,0,0,0,0,0,1,1,2,3,7,11,14,14,10,4,-3,-12,-25,-40,-49,-56,-61,-65,-66,-63,-59,-53,-49,-48,-46,-45,-43,-42,-41,-40,-40,-39,-38,-38,-38,-38,-39,-41,-42,-43,-44,-44,-43,-42,-40,-37,-35,-32,-29,-27,-24,-22,-19,-17,-14,-9,-4,1,7,11,15,18,19,20,18,15,10,5,0,-5,-12,-23,-34,-45,-54,-59,-63,-66,-70,-73,-77,-79,-81,-81,-80,-80,-80,-79,-79,-78,-78,-79,-81,-65,-54,-48,-42,-37,-34,-32,-33,-35,-39,-43,-48,-55,-68,-70,-59,-27,29,117,243,402,582,767,934,1056,1105,1051,890,640,350,85,-102,-177,-182,-131,-75,-54,-54,-66,-84,-106,-121,-132,-132,-112,-83,-47,-20,-2,3,8,13,16,15,13,11,9,6,5,4,7,10,12,14,16,18,21,24,27,30,32,34,37,41,46,57,80,98,112,128,141,151,160,170,179,185,190,194,198,202,206,210,213,216,219,224,233,243,254,263,271,277,280,278,273,265,252,228,203,175,145,120,102,83,64,43,24,11,1,-3,-6,-9,-11,-12,-12,-11,-8,-6,-4,-2,-1,0,0,0,0,0,1,2,4,6,7,8,9,10,11,14,16,18,21,26,32,38,44,49,56,65,65,53,45,39,33,27,22,17,12,8,4,1,-2,-4,-6,-8,-9,-12,-17,-15,2,13,22,30,35,38,36,33,27,19,4,-16,-29,-38,-27,-20,-15,-10,-7,-6,-7,-9,-12,-15,-17,-20,-23,-27,-30,-31,-29,-24,-18,-13,-9,-6,-2,1,5,9,12,14,15,15,14,13,11,9,7,4,1,-2,-6,-12,-23,-30,-24,-15,-8,-2,3,6,5,2,-3,-11,-26,-46,-56,-60,-64,-69,-76,-83,-91,-99,-108,-116,-121,-124,-127,-130,-132,-135,-137,-138,-136,-132,-127,-121,-115,-107,-100,-96,-93,-90,-86,-84,-82,-82,-85,-89,-95,-101,-110,-110,-94,-51,21,127,265,423,592,758,903,980,979,895,690,424,142,-75,-207,-248,-212,-161,-144,-154,-186,-227,-242,-241,-224,-199,-167,-146,-134,-125,-119,-114,-110,-107,-104,-101,-99,-98,-97,-98,-98,-100,-101,-103,-106,-108,-112,-115,-115,-110,-101,-92,-81,-68,-53,-39,-26,-16,-10,-4,4,22,40,54,70,80,87,92,96,100,105,110,114,120,127,134,139,145,155,173,185,191,196,198,198,196,192,187,176,157,125,85,62,47,37,25,11,-10,-38,-50,-56,-61,-64,-66,-67,-66,-63,-59,-55,-53,-52,-51,-49,-47,-45,-44,-43,-42,-41,-40,-39,-38,-38,-37,-37,-36,-35,-34,-33,-33,-33,-34,-34,-34,-34,-34,-34,-34,-35,-36,-36,-37,-39,-40,-42,-43,-44,-44,-45,-46,-48,-50,-52,-54,-55,-57,-60,-62,-64,-65,-66,-66,-67,-69,-72,-74,-77,-81,-85,-90,-93,-95,-96,-96,-96,-96,-97,-98,-98,-97,-97,-97,-98,-98,-97,-94,-89,-83,-78,-74,-69,-63,-55,-52,-50,-50,-49,-49,-49,-48,-47,-44,-39,-31,-22,-11,2,14,24,35,45,56,66,72,79,84,88,90,90,86,79,71,61,50,34,20,10,3,-2,-7,-12,-16,-19,-21,-23,-24,-26,-29,-31,-24,-12,-5,1,6,11,12,10,5,0,-6,-10,-15,-20,-25,-29,-31,-32,-31,-29,-27,-23,-19,-13,-2,9,21,56,118,215,346,505,685,870,1029,1124,1131,1070,901,664,396,148,-42,-127,-155,-133,-68,-8,12,14,8,1,-4,-8,-5,0,3,5,6,7,7,7,8,10,11,13,14,15,16,16,17,19,21,25,30,41,53,69,82,92,100,108,115,122,131,143,154,165,178,194,209,224,239,256,266,272,276,281,287,292,296,301,306,314,326,338,352,363,373,381,385,383,377,367,350,323,298,272,245,219,194,170,145,118,92,73,53,35,20,6,-9,-21,-33,-42,-47,-50,-52,-53,-54,-55,-57,-58,-59,-60,-61,-63,-65,-67,-69,-71,-73,-76,-80,-84,-89,-94,-100,-107,-114,-119,-123,-127,-130,-134,-139,-144,-149,-151,-151,-149,-148,-146,-144,-141,-138,-137,-141,-150,-158,-160,-162,-165,-168,-171,-174,-177,-179,-181,-182,-182,-182,-181,-179,-178,-177,-176,-175,-174,-173,-173,-173,-174,-174,-174,-173,-172,-171,-171,-170,-170,-169,-168,-167,-167,-167,-166,-164,-162,-160,-159,-159,-157,-155,-151,-147,-144,-139,-132,-124,-116,-109,-102,-97,-92,-87,-80,-70,-62,-59,-59,-58,-57,-56,-54,-52,-50,-50,-49,-48,-47,-48,-49,-52,-56,-60,-65,-69,-75,-82,-90,-103,-128,-141,-148,-154,-159,-164,-166,-165,-159,-150,-141,-134,-129,-124,-119,-114,-110,-107,-105,-103,-99,-95,-91,-89,-88,-87,-86,-84,-81,-78,-73,-66,-29,37,127,254,409,571,726,864,961,995,963,861,623,343,56,-135,-197,-199,-142,-106,-98,-94,-92,-90,-87,-82,-77,-73,-68,-63,-57,-52,-43,-26,-12,-2,2,5,8,11,14,18,21,24,26,28,30,32,33,36,38,42,45,50,57,64,73,82,93,105,117,130,142,151,158,164,170,176,181,188,196,205,216,227,239,255,268,274,276,278,279,280,283,285,286,288,287,285,282,277,270,261,244,214,170,110,69,47,37,29,23,19,15,12,9,6,4,2,2,1,1,0,0,0,0,0,-2,-4,-7,-7,-6,-3,0,2,4,7,9,12,13,13,13,12,11,10,9,8,7,6,5,5,6,6,6,6,6,7,7,8,9,10,11,12,13,14,13,11,9,7,6,4,3,1,0,-2,-2,-2,-3,-5,-8,-11,-13,-13,-12,-10,-8,-7,-6,-4,-2,0,0,0,-1,-3,-4,-4,-4,-4,-4,-4,-4,-2,0,5,9,12,16,19,24,31,46,58,63,66,69,72,76,79,81,82,80,75,68,60,53,47,41,36,31,26,21,17,13,9,4,0,-4,-8,-12,-16,-20,-25,-31,-36,-39,-41,-41,-41,-40,-40,-38,-35,-33,-31,-30,-29,-29,-27,-24,-22,-19,-16,-13,-12,-10,-7,-4,0,6,37,94,184,306,456,621,780,919,998,1003,942,760,529,278,65,-55,-99,-101,-86,-75,-69,-65,-61,-57,-54,-51,-48,-44,-38,-30,-24,-21,-22,-25,-28,-31,-33,-37,-41,-41,-32,-22,-16,-12,-8,-4,-1,1,5,10,14,17,20,23,26,29,33,38,42,48,57,68,79,89,100,112,123,136,148,159,168,178,191,206,220,233,239,245,249,253,256,258,259,258,257,255,252,247,240,232,216,179,146,121,103,85,67,49,25,-5,-30,-46,-59,-69,-75,-80,-83,-86,-88,-89,-89,-88,-85,-82,-77,-72,-67,-62,-55,-48,-44,-44,-48,-56,-66,-79,-98,-117,-128,-136,-143,-148,-150,-149,-144,-136,-126,-112,-91,-88,-86,-84,-82,-81,-81,-83,-87,-93,-97,-101,-104,-108,-112,-115,-118,-119,-119,-118,-116,-112,-107,-102,-96,-91,-85,-79,-73,-67,-60,-54,-48,-42,-37,-33,-29,-25,-21,-18,-14,-11,-9,-7,-5,-2,1,7,14,17,14,9,2,-3,-10,-16,-16,-9,1,11,23,31,36,39,43,47,51,52,50,42,34,26,19,11,2,-8,-19,-33,-51,-66,-80,-96,-115,-133,-142,-148,-153,-156,-159,-160,-162,-164,-166,-169,-171,-173,-175,-178,-181,-186,-189,-191,-192,-193,-194,-196,-199,-201,-200,-189,-176,-168,-161,-155,-149,-143,-139,-135,-132,-127,-117,-94,-44,32,139,274,433,613,786,922,977,920,752,503,224,-20,-183,-232,-225,-186,-163,-161,-171,-181,-192,-191,-176,-169,-164,-160,-156,-153,-150,-148,-144,-140,-135,-131,-126,-123,-121,-120,-118,-116,-113,-110,-106,-103,-100,-97,-93,-90,-87,-86,-85,-84,-83,-82,-80,-77,-74,-71,-67,-60,-51,-43,-35,-27,-15,2,16,26,33,39,48,57,69,82,98,110,119,130,144,155,161,166,170,173,174,174,172,166,157,146,128,90,57,33,11,-6,-22,-28,-31,-34,-37,-39,-32,-23,-18,-16,-14,-13,-13,-12,-11,-11,-10,-10,-10,-8,-6,-5,-2,0,3,6,11,15,19,24,32,49,63,67,69,72,74,77,80,81,73,62,49,41,33,26,18,12,8,8,10,13,17,22,26,30,36,43,50,53,52,46,37,25,8,-18,-29,-34,-37,-40,-43,-44,-46,-48,-49,-51,-53,-55,-57,-58,-60,-62,-64,-67,-69,-72,-75,-78,-80,-84,-88,-93,-96,-97,-94,-87,-78,-69,-61,-55,-47,-39,-32,-26,-23,-21,-19,-17,-15,-13,-11,-10,-8,-5,-2,1,5,11,17,24,33,40,39,27,11,-5,-26,-37,-44,-47,-51,-54,-57,-58,-59,-59,-59,-58,-56,-54,-51,-48,-44,-40,-38,-35,-33,-30,-27,-24,-20,-15,-11,-7,-4,-1,3,11,21,69,139,235,358,512,687,858,1009,1094,1099,1036,850,593,314,60,-122,-178,-196,-163,-107,-67,-56,-50,-46,-44,-41,-39,-37,-35,-33,-33,-33,-33,-33,-33,-32,-30,-28,-25,-21,-18,-14,-10,-6,-1,3,8,13,19,25,31,38,44,49,54,57,60,62,65,67,69,71,74,77,84,92,103,118,138,164,183,197,208,219,232,244,254,263,271,279,285,290,295,301,311,317,308,291,275,261,245,229,211,188,159,135,115,99,82,65,56,50,45,39,34,29,25,23,22,21,20,19,19,20,22,23,23,20,17,14,11,9,7,5,4,3,3,5,6,7,7,5,5,5,8,12,18,21,23,25,27,29,31,33,35,36,37,37,37,37,37,37,37,37,36,35,34,33,34,34,34,32,30,29,28,28,28,27,25,23,22,22,22,21,18,13,9,6,3,1,-1,-3,-4,-2,0,5,10,15,19,23,28,33,38,42,47,52,58,64,70,74,75,74,71,66,60,55,49,44,39,34,28,23,18,13,9,4,-1,-6,-12,-17,-21,-25,-30,-35,-41,-46,-51,-56,-61,-66,-72,-77,-81,-84,-86,-89,-94,-99,-104,-108,-111,-112,-114,-116,-117,-118,-118,-118,-118,-118,-119,-123,-105,-51,30,139,278,432,589,730,828,863,832,733,513,240,-20,-221,-298,-323,-297,-277,-266,-259,-252,-242,-232,-222,-212,-202,-190,-179,-170,-164,-160,-157,-153,-150,-146,-144,-142,-141,-141,-140,-138,-137,-135,-133,-131,-129,-127,-124,-120,-116,-112,-108,-104,-98,-84,-70,-58,-47,-39,-33,-27,-22,-14,-7,0,9,18,31,52,70,85,111,142,156,162,168,173,176,178,178,179,178,176,173,169,163,155,146,133,108,84,62,44,26,9,-4,-18,-29,-38,-45,-49,-51,-54,-56,-58,-61,-63,-65,-67,-69,-72,-74,-76,-77,-77,-77,-78,-79,-80,-81,-82,-83,-84,-85,-86,-87,-86,-86,-85,-84,-83,-82,-80,-79,-77,-77,-75,-71,-73,-88,-101,-113,-122,-127,-130,-133,-136,-139,-139,-134,-129,-125,-122,-120,-118,-116,-115,-114,-113,-112,-113,-114,-115,-118,-121,-123,-125,-129,-137,-143,-139,-132,-128,-124,-122,-120,-118,-116,-112,-108,-103,-99,-96,-93,-90,-86,-82,-78,-73,-69,-65,-60,-54,-49,-44,-38,-30,-16,-11,-8,-7,-5,-4,-4,-3,-2,-1,-1,-2,-3,-6,-9,-14,-20,-26,-38,-68,-87,-97,-104,-108,-109,-107,-102,-93,-83,-68,-44,-32,-26,-21,-18,-14,-12,-11,-11,-11,-12,-16,-20,-26,-33,-44,-63,-71,-79,-86,-65,-2,96,232,397,581,768,935,1042,1053,999,812,541,245,-7,-148,-170,-142,-70,-28,-27,-65,-108,-123,-130,-130,-124,-114,-101,-85,-68,-53,-41,-29,-16,-6,1,8,14,18,22,25,30,34,37,37,35,31,27,24,20,16,17,25,39,56,79,96,105,111,116,121,126,133,139,146,154,167,188,203,218,233,248,256,262,266,270,273,277,280,284,287,291,296,302,311,318,318,311,302,291,275,263,233,192,144,117,96,79,62,43,28,26,25,25,26,26,26,27,27,27,26,25,23,22,20,19,16,14,11,8,6,5,3,1,0,-3,-5,-7,-8,-9,-11,-12,-13,-13,-13,-13,-14,-15,-16,-18,-19,-20,-22,-23,-25,-26,-28,-28,-29,-29,-30,-31,-32,-33,-34,-36,-37,-39,-40,-42,-44,-46,-47,-48,-49,-49,-49,-50,-51,-52,-53,-54,-57,-61,-65,-69,-69,-66,-61,-54,-48,-43,-37,-31,-25,-20,-16,-14,-12,-11,-10,-9,-8,-7,-6,-5,-3,0,1,3,4,4,3,2,0,-1,-5,-8,-12,-16,-20,-23,-28,-35,-43,-51,-58,-64,-71,-79,-88,-97,-108,-119,-134,-152,-156,-159,-161,-162,-163,-159,-151,-142,-134,-125,-116,-108,-100,-93,-88,-83,-79,-76,-73,-70,-66,-62,-42,16,111,242,406,585,760,892,939,926,805,567,274,-1,-207,-272,-269,-191,-117,-91,-90,-101,-109,-114,-119,-126,-134,-144,-166,-191,-204,-214,-214,-200,-180,-151,-126,-109,-91,-82,-75,-69,-65,-61,-59,-57,-56,-54,-53,-52,-51,-50,-49,-47,-46,-44,-42,-40,-38,-35,-32,-28,-23,-17,-5,16,32,52,76,99,123,147,174,190,198,204,208,211,211,208,203,198,192,186,181,174,166,157,147,136,120,97,82,68,53,38,18,-12,-29,-37,-43,-48,-52,-56,-58,-60,-62,-64,-65,-66,-67,-68,-70,-75,-80,-81,-73,-65,-60,-58,-56,-55,-53,-50,-46,-41,-36,-32,-28,-24,-20,-16,-13,-11,-9,-7,-5,-2,0,4,7,11,16,20,23,25,26,27,27,28,29,29,29,30,31,33,36,39,42,44,46,47,49,51,51,52,52,53,55,56,58,58,59,58,59,60,61,61,62,62,63,64,66,69,71,73,74,76,77,79,82,86,90,99,107,109,106,103,101,98,96,94,97,103,110,116,123,130,132,128,116,104,94,84,74,65,58,52,48,45,43,41,38,36,34,33,33,33,32,31,30,29,30,31,31,32,32,33,34,36,39,41,43,45,47,50,53,58,63,75,109,175,263,385,540,718,902,1056,1131,1127,1028,807,524,224,-13,-144,-164,-133,-49,11,32,32,14,0,-12,-20,-19,-4,11,17,22,26,29,32,35,39,42,45,48,51,53,55,55,54,53,51,49,48,46,44,42,41,39,37,36,36,35,34,33,32,31,29,27,24,22,21,22,27,35,44,56,75,93,107,118,129,142,154,162,168,174,180,183,186,186,183,179,172,165,155,140,113,93,68,34,6,-15,-36,-51,-62,-71,-79,-87,-92,-94,-96,-98,-100,-102,-103,-105,-107,-108,-109,-110,-110,-110,-110,-110,-110,-110,-109,-109,-108,-109,-110,-111,-112,-112,-112,-112,-110,-109,-107,-105,-103,-101,-100,-99,-98,-97,-96,-95,-95,-94,-93,-92,-91,-89,-87,-86,-84,-82,-81,-79,-79,-78,-78,-79,-79,-79,-79,-80,-80,-81,-81,-80,-80,-80,-79,-80,-80,-81,-81,-82,-82,-83,-84,-84,-84,-83,-83,-82,-81,-81,-80,-79,-77,-72,-65,-59,-55,-50,-45,-40,-35,-31,-28,-25,-23,-21,-19,-18,-17,-16,-14,-11,-9,-11,-17,-27,-41,-66,-98,-106,-109,-113,-116,-119,-120,-121,-121,-121,-121,-121,-121,-121,-121,-120,-120,-120,-120,-120,-119,-119,-119,-118,-117,-116,-114,-112,-111,-109,-107,-105,-101,-97,-68,-18,57,159,292,448,623,791,921,977,974,891,700,427,141,-107,-215,-250,-222,-171,-150,-150,-151,-151,-148,-139,-129,-124,-118,-114,-111,-109,-109,-109,-108,-105,-101,-98,-95,-93,-91,-89,-86,-82,-77,-72,-66,-59,-44,-31,-22,-15,-11,-7,-4,-1,1,4,8,11,14,18,23,28,35,44,61,76,90,103,114,125,136,149,165,185,211,229,242,252,257,259,261,262,263,266,267,258,242,227,211,196,182,159,123,80,45,31,25,20,16,13,11,9,8,7,6,5,4,2,0,-2,-7,-11,-8,-3,1,7,8,0,-3,-6,-9,-12,-12,-10,-7,-4,-2,-1,0,1,4,7,9,10,11,13,14,15,15,14,12,9,8,7,6,4,2,0,-3,-11,-24,-28,-31,-34,-36,-37,-34,-29,-24,-18,-11,-6,-9,-15,-21,-29,-29,-23,-20,-18,-16,-15,-15,-15,-16,-18,-20,-22,-23,-25,-26,-28,-30,-31,-33,-34,-34,-35,-35,-34,-32,-29,-25,-20,-16,-12,-8,-3,6,14,21,24,26,28,30,32,34,35,36,37,36,36,34,32,29,26,22,17,13,7,-6,-17,-21,-24,-26,-28,-30,-32,-34,-38,-42,-45,-47,-50,-53,-57,-63,-75,-85,-93,-99,-105,-111,-114,-112,-106,-99,-94,-90,-86,-83,-79,-75,-71,-68,-65,-61,-55,-44,-16,40,128,249,398,560,730,875,961,968,910,745,502,239,-4,-180,-247,-249,-194,-126,-90,-79,-91,-104,-114,-119,-113,-103,-97,-94,-91,-89,-87,-86,-83,-79,-75,-72,-69,-67,-65,-62,-58,-49,-31,-18,-9,-2,3,4,3,2,1,0,0,-1,0,3,11,19,27,36,45,54,62,71,88,115,136,151,167,179,189,197,206,215,221,225,229,233,236,237,238,238,238,236,234,230,226,221,214,200,182,158,132,109,85,64,48,34,16,-10,-28,-37,-43,-47,-49,-48,-46,-42,-38,-36,-35,-35,-33,-32,-30,-29,-28,-27,-25,-24,-22,-21,-21,-22,-23,-24,-24,-24,-25,-26,-26,-25,-24,-23,-22,-22,-23,-23,-24,-25,-26,-28,-30,-33,-35,-37,-39,-40,-42,-48,-63,-68,-71,-74,-77,-80,-81,-81,-81,-81,-81,-80,-80,-79,-78,-77,-76,-76,-77,-79,-82,-86,-90,-93,-96,-98,-102,-105,-106,-106,-103,-98,-93,-89,-86,-82,-78,-74,-71,-71,-73,-77,-81,-84,-88,-96,-101,-93,-78,-67,-56,-46,-38,-32,-28,-25,-20,-14,-9,-6,-4,-3,-3,-1,0,3,5,5,2,-2,-6,-9,-11,-13,-17,-23,-32,-41,-50,-58,-66,-75,-82,-87,-90,-93,-96,-98,-101,-103,-104,-104,-104,-105,-105,-106,-106,-106,-106,-105,-103,-101,-99,-96,-93,-90,-87,-83,-79,-71,-62,-52,-39,3,60,138,232,351,489,653,817,955,999,985,864,642,359,100,-106,-216,-231,-205,-143,-97,-87,-79,-74,-71,-70,-71,-72,-74,-76,-78,-81,-84,-88,-92,-93,-95,-96,-96,-95,-93,-90,-85,-80,-74,-67,-57,-37,-23,-17,-15,-13,-11,-9,-6,-3,0,3,5,9,12,16,21,28,42,52,61,72,86,107,130,151,169,184,196,211,229,246,262,273,277,281,285,290,292,286,272,251,223,196,172,149,122,96,78,61,49,41,34,25,16,8,2,-3,-8,-12,-16,-20,-24,-28,-32,-35,-39,-41,-44,-46,-50,-53,-57,-59,-60,-61,-60,-59,-58,-57,-54,-51,-47,-44,-41,-39,-37,-33,-29,-24,-21,-21,-23,-26,-29,-32,-33,-36,-39,-41,-43,-45,-46,-46,-46,-46,-45,-44,-42,-40,-39,-39,-38,-38,-38,-37,-36,-35,-35,-35,-37,-38,-40,-42,-43,-44,-45,-46,-47,-47,-47,-47,-47,-47,-47,-48,-50,-50,-51,-51,-51,-51,-51,-51,-50,-49,-48,-47,-46,-45,-45,-44,-43,-40,-37,-33,-29,-25,-21,-11,0,9,19,27,34,40,46,52,56,56,53,48,41,36,32,29,25,20,16,13,10,7,3,0,-3,-7,-11,-15,-19,-25,-38,-46,-48,-49,-50,-50,-51,-51,-51,-51,-51,-51,-50,-49,-48,-46,-43,-39,-34,-30,-25,-21,-17,-11,-5,0,6,14,25,69,147,249,371,510,660,815,947,1032,1039,982,792,513,214,-52,-207,-232,-205,-112,-55,-35,-26,-25,-29,-33,-38,-44,-47,-41,-31,-27,-25,-24,-22,-21,-19,-18,-15,-12,-9,-6,-4,-2,0,1,5,8,11,15,21,29,38,44,48,52,55,58,62,66,71,77,84,92,99,107,114,122,129,136,144,153,167,180,194,217,250,272,286,294,294,287,278,271,266,260,253,246,237,228,215,198,183,170,149,115,88,72,60,51,44,35,23,7,-7,-19,-29,-36,-40,-42,-45,-47,-50,-52,-53,-53,-53,-53,-52,-50,-49,-47,-45,-44,-43,-42,-42,-42,-42,-42,-42,-41,-39,-37,-36,-34,-34,-34,-35,-35,-35,-36,-36,-37,-36,-36,-35,-34,-34,-33,-34,-35,-36,-38,-40,-43,-45,-48,-50,-52,-58,-71,-73,-75,-77,-74,-58,-49,-42,-37,-33,-30,-30,-32,-34,-36,-38,-40,-43,-46,-49,-52,-53,-53,-51,-49,-47,-45,-43,-41,-38,-35,-32,-29,-27,-25,-23,-20,-18,-17,-15,-13,-10,-6,-2,2,8,15,24,40,66,69,72,74,73,64,59,57,55,52,49,45,41,36,29,21,4,-27,-60,-80,-88,-94,-96,-90,-79,-74,-71,-68,-65,-62,-59,-57,-56,-55,-56,-56,-57,-58,-60,-63,-66,-69,-72,-74,-77,-81,-83,-81,-75,-65,-49,-21,35,116,218,343,493,649,805,920,969,961,869,678,423,155,-83,-216,-236,-209,-133,-92,-80,-89,-99,-107,-105,-88,-75,-62,-52,-51,-55,-60,-65,-71,-75,-77,-72,-62,-51,-45,-40,-34,-29,-23,-17,-13,-9,-7,-6,-4,-3,-1,0,2,4,7,10,14,17,21,25,29,35,45,62,77,95,120,142,158,172,186,201,218,227,233,237,241,243,245,245,244,241,237,232,226,219,203,188,172,156,139,118,93,78,71,65,59,51,43,35,25,13,0,-10,-21,-36,-54,-69,-79,-86,-92,-95,-96,-93,-88,-82,-76,-70,-64,-57,-51,-47,-43,-41,-38,-35,-33,-32,-32,-32,-34,-37,-40,-43,-46,-49,-51,-53,-54,-54,-55,-55,-56,-56,-57,-58,-58,-57,-56,-55,-54,-54,-54,-54,-54,-53,-53,-53,-53,-53,-52,-52,-51,-50,-49,-49,-48,-48,-48,-48,-48,-49,-49,-48,-45,-42,-39,-38,-37,-37,-38,-40,-41,-43,-47,-50,-51,-45,-36,-31,-26,-21,-17,-12,-7,-2,3,10,16,22,27,32,37,43,48,53,57,60,62,63,64,63,62,59,56,51,45,38,25,-7,-33,-48,-57,-62,-67,-69,-71,-73,-75,-76,-77,-79,-80,-80,-80,-79,-78,-76,-75,-74,-74,-73,-73,-73,-72,-72,-71,-69,-68,-65,-62,-58,-53,-48,-28,23,104,223,379,562,747,904,1005,1019,977,814,564,272,11,-164,-212,-210,-152,-107,-98,-91,-86,-82,-80,-79,-79,-79,-78,-78,-78,-79,-81,-83,-85,-85,-85,-84,-83,-83,-80,-74,-66,-57,-45,-34,-24,-19,-16,-14,-11,-9,-7,-5,-4,-2,0,3,5,8,11,14,18,25,34,44,55,67,84,109,126,141,154,166,178,188,198,207,218,227,232,238,243,247,250,251,250,246,240,232,223,205,172,147,127,106,93,85,80,74,68,62,57,53,47,34,3,-21,-36,-44,-45,-45,-45,-45,-46,-47,-47,-46,-45,-45,-45,-47,-48,-50,-52,-54,-56,-60,-64,-68,-72,-75,-79,-86,-95,-103,-106,-105,-100,-95,-90,-86,-82,-78,-74,-69,-66,-64,-63,-63,-64,-66,-69,-72,-76,-80,-84,-87,-90,-94,-98,-102,-105,-108,-110,-112,-112,-111,-109,-105,-101,-96,-92,-87,-83,-79,-72,-64,-58,-55,-57,-61,-65,-70,-73,-79,-85,-91,-94,-94,-90,-85,-79,-75,-71,-67,-61,-55,-49,-42,-35,-27,-18,-7,9,21,23,24,27,31,13,-9,-29,-50,-63,-71,-77,-82,-87,-92,-97,-101,-104,-106,-108,-110,-114,-118,-120,-121,-121,-120,-119,-119,-119,-118,-117,-115,-114,-112,-110,-108,-106,-103,-99,-95,-91,-85,-74,-52,-33,15,86,182,306,451,618,786,931,1000,994,892,671,380,110,-129,-275,-324,-275,-187,-96,-58,-45,-38,-37,-38,-40,-42,-43,-44,-45,-45,-46,-47,-48,-49,-47,-45,-41,-37,-33,-28,-23,-15,-1,8,16,21,25,28,31,34,37,42,48,55,62,70,77,86,95,104,112,118,123,128,136,146,157,171,185,197,209,220,230,240,247,252,256,260,264,267,270,272,272,271,270,268,265,260,254,246,235,213,193,166,133,107,87,61,43,30,19,10,2,-3,-6,-9,-13,-16,-20,-23,-25,-26,-27,-27,-28,-27,-26,-25,-24,-23,-23,-23,-22,-22,-22,-22,-22,-22,-19,-15,-14,-17,-21,-23,-24,-26,-27,-29,-31,-33,-34,-34,-33,-32,-31,-29,-27,-25,-23,-22,-20,-19,-17,-13,-8,-8,-16,-25,-31,-37,-42,-46,-49,-49,-47,-43,-39,-34,-30,-27,-23,-20,-17,-14,-10,-6,-2,0,3,5,7,10,14,17,20,22,24,28,33,38,42,44,45,45,45,44,42,38,33,27,22,16,11,3,-5,-15,-24,-32,-38,-44,-51,-59,-65,-69,-69,-68,-65,-63,-61,-59,-54,-49,-45,-44,-46,-49,-53,-56,-59,-62,-65,-68,-71,-72,-73,-73,-71,-69,-65,-58,-51,-26,36,130,258,416,593,771,919,1006,1014,962,793,536,243,-22,-196,-242,-234,-152,-64,-32,-22,-34,-43,-49,-54,-58,-59,-57,-53,-48,-44,-42,-38,-33,-29,-25,-23,-24,-25,-27,-29,-31,-33,-36,-38,-40,-40,-39,-35,-30,-23,-14,-2,17,39,50,55,59,63,65,68,72,76,80,84,88,93,98,105,115,134,150,162,175,187,201,215,224,232,239,244,247,248,246,244,239,233,225,214,193,174,154,135,119,99,71,46,27,11,-3,-17,-32,-42,-50,-55,-58,-60,-61,-64,-67,-69,-69,-66,-62,-60,-57,-55,-53,-52,-51,-53,-56,-61,-66,-73,-84,-90,-84,-74,-66,-59,-53,-48,-44,-39,-33,-25,-28,-47,-57,-64,-70,-75,-78,-80,-81,-81,-81,-80,-79,-79,-78,-75,-72,-70,-68,-67,-67,-68,-69,-70,-72,-75,-78,-79,-74,-68,-62,-57,-51,-47,-46,-49,-53,-57,-61,-65,-69,-72,-70,-65,-59,-52,-42,-30,-18,-8,1,8,10,6,0,-3,-8,-13,-16,-15,-11,-5,0,7,18,24,19,6,-13,-40,-64,-90,-101,-105,-109,-113,-116,-119,-121,-122,-123,-123,-123,-122,-120,-118,-116,-114,-112,-111,-111,-111,-110,-108,-105,-104,-103,-104,-106,-108,-112,-116,-122,-120,-100,-46,31,134,257,392,533,681,818,929,975,914,749,486,196,-46,-203,-227,-215,-162,-140,-137,-137,-136,-136,-135,-135,-134,-133,-131,-129,-126,-123,-121,-117,-113,-109,-104,-99,-93,-87,-82,-77,-72,-67,-63,-58,-53,-49,-44,-40,-36,-34,-32,-30,-28,-26,-23,-20,-16,-11,-5,7,29,48,62,76,88,102,121,135,145,153,160,166,171,179,192,217,231,238,244,247,249,248,246,242,236,228,213,185,166,154,143,132,119,103,85,68,54,39,24,5,-15,-35,-46,-54,-61,-65,-67,-68,-68,-69,-69,-69,-69,-69,-68,-69,-69,-70,-70,-68,-64,-59,-56,-54,-51,-48,-45,-42,-41,-41,-42,-44,-45,-47,-49,-50,-52,-54,-55,-57,-58,-59,-60,-60,-60,-60,-59,-58,-57,-56,-54,-53,-53,-52,-50,-48,-46,-43,-41,-39,-38,-36,-35,-34,-33,-32,-30,-28,-26,-24,-22,-19,-17,-15,-13,-11,-7,-3,2,9,24,38,50,58,64,70,75,78,80,81,81,80,77,73,68,63,57,53,49,45,42,38,35,32,29,26,23,20,17,14,12,9,6,3,0,-2,-7,-16,-24,-25,-25,-25,-25,-25,-26,-26,-27,-27,-27,-28,-28,-28,-27,-26,-24,-22,-19,-17,-14,-11,-6,0,22,70,150,265,414,584,765,925,1022,1031,979,812,575,334,124,-24,-78,-97,-98,-90,-85,-83,-81,-78,-72,-65,-58,-54,-50,-48,-46,-46,-46,-46,-45,-43,-40,-38,-36,-35,-34,-33,-33,-33,-31,-29,-27,-24,-20,-17,-14,-6,2,11,19,28,47,69,77,81,83,85,86,88,91,94,98,103,108,114,121,135,146,155,169,199,225,239,249,256,260,263,265,267,270,272,271,262,248,231,208,189,166,136,108,75,48,31,18,8,0,-8,-19,-33,-39,-42,-45,-48,-50,-53,-55,-58,-60,-62,-62,-63,-62,-62,-61,-60,-58,-56,-54,-53,-52,-52,-51,-51,-51,-50,-50,-49,-48,-48,-47,-46,-45,-44,-44,-44,-43,-43,-43,-44,-46,-48,-50,-53,-56,-59,-62,-65,-67,-69,-72,-77,-81,-83,-82,-77,-71,-64,-58,-53,-45,-37,-30,-26,-26,-29,-33,-37,-41,-44,-48,-53,-57,-61,-63,-63,-63,-62,-60,-56,-50,-43,-34,-17,12,27,34,41,46,49,49,45,39,31,23,15,6,-2,-10,-18,-25,-31,-35,-38,-42,-44,-47,-50,-52,-55,-58,-62,-65,-67,-68,-69,-69,-70,-71,-74,-77,-81,-85,-89,-92,-95,-97,-99,-99,-99,-97,-95,-93,-90,-87,-83,-79,-73,-58,-40,-17,11,59,132,238,376,544,718,877,991,1006,968,797,540,240,-17,-202,-261,-281,-265,-215,-162,-112,-86,-79,-75,-72,-70,-70,-68,-68,-69,-70,-71,-74,-77,-81,-84,-89,-93,-96,-96,-93,-87,-79,-65,-41,-19,-3,13,26,36,43,45,45,44,44,44,44,45,45,44,42,38,35,30,24,20,26,41,64,96,128,157,184,212,242,264,273,277,281,284,285,285,282,276,268,257,237,204,176,146,115,84,58,40,28,22,17,13,11,10,9,7,4,1,0,-2,-5,-7,-12,-18,-25,-32,-39,-45,-51,-58,-63,-68,-71,-73,-77,-84,-82,-65,-52,-41,-32,-25,-21,-18,-13,-8,-5,-11,-21,-27,-33,-38,-43,-48,-51,-54,-57,-60,-63,-67,-69,-70,-67,-61,-53,-47,-43,-38,-32,-27,-22,-19,-20,-22,-25,-29,-33,-37,-41,-47,-54,-60,-63,-66,-69,-72,-77,-80,-73,-61,-52,-43,-36,-31,-27,-23,-19,-15,-10,-7,-5,-6,-7,-9,-10,-12,-16,-19,-19,-12,-3,4,14,22,26,23,17,11,6,3,0,-5,-10,-14,-18,-22,-26,-32,-41,-58,-77,-85,-90,-94,-99,-104,-107,-109,-109,-109,-108,-108,-107,-106,-104,-101,-100,-99,-99,-98,-97,-96,-93,-91,-89,-87,-84,-81,-76,-70,-63,-31,30,123,261,432,618,803,945,1009,1003,903,695,420,134,-99,-227,-247,-219,-148,-118,-108,-121,-133,-142,-147,-147,-140,-128,-117,-105,-96,-91,-88,-85,-83,-81,-79,-77,-76,-74,-72,-70,-68,-65,-62,-58,-53,-47,-40,-34,-28,-21,-7,13,20,23,26,27,29,31,33,36,40,43,47,52,58,68,89,105,120,133,145,156,174,200,227,252,270,282,288,292,298,304,290,269,243,220,203,190,174,149,120,87,63,50,39,27,17,10,4,0,-5,-10,-17,-25,-33,-40,-45,-51,-57,-63,-68,-70,-70,-67,-62,-57,-52,-47,-42,-36,-30,-24,-20,-18,-18,-19,-19,-20,-20,-21,-22,-24,-25,-26,-28,-29,-31,-33,-34,-36,-36,-36,-36,-36,-37,-39,-40,-42,-43,-44,-44,-45,-46,-46,-46,-45,-44,-43,-44,-45,-46,-45,-42,-37,-34,-31,-28,-24,-20,-18,-19,-25,-31,-38,-43,-48,-53,-58,-62,-64,-64,-61,-58,-54,-50,-46,-42,-38,-34,-30,-26,-22,-18,-14,-10,-7,-4,0,9,27,41,50,57,62,66,68,67,63,57,49,40,27,13,-1,-13,-23,-31,-36,-40,-43,-46,-49,-53,-56,-59,-60,-58,-55,-50,-44,-39,-33,-27,-23,-23,-27,-34,-42,-48,-54,-59,-64,-68,-71,-74,-74,-74,-74,-72,-69,-63,-57,-35,25,106,218,361,528,700,854,973,1018,1010,923,727,475,199,-27,-171,-206,-198,-153,-123,-112,-106,-102,-97,-88,-77,-67,-60,-53,-47,-41,-35,-31,-27,-23,-21,-20,-18,-18,-17,-15,-14,-13,-11,-9,-6,-1,3,8,13,20,27,39,59,74,80,84,87,90,93,97,100,104,107,109,112,116,121,127,137,159,174,184,190,196,204,213,225,237,253,274,289,299,311,323,323,304,278,240,204,178,154,138,126,117,107,98,88,67,32,13,3,-4,-10,-14,-16,-16,-16,-16,-14,-12,-8,-12,-27,-32,-33,-35,-37,-39,-40,-41,-43,-44,-44,-45,-45,-45,-45,-43,-42,-41,-41,-41,-41,-41,-40,-38,-37,-37,-37,-37,-37,-37,-38,-40,-41,-43,-45,-45,-45,-45,-46,-48,-48,-48,-47,-46,-45,-46,-46,-46,-44,-43,-41,-41,-41,-42,-42,-42,-42,-41,-41,-40,-39,-37,-34,-31,-29,-27,-25,-22,-19,-16,-13,-11,-8,1,14,25,27,26,24,22,21,21,20,20,18,17,17,17,17,17,16,13,10,7,5,2,0,-3,-7,-12,-17,-21,-26,-36,-49,-59,-67,-74,-80,-85,-90,-95,-99,-102,-104,-105,-105,-105,-104,-101,-99,-95,-91,-87,-83,-79,-75,-70,-64,-57,-50,-44,-36,-26,-11,48,130,239,371,527,697,854,962,976,941,769,513,243,-8,-167,-222,-219,-177,-143,-124,-116,-108,-102,-96,-89,-80,-66,-65,-80,-92,-104,-113,-112,-98,-81,-74,-69,-66,-63,-60,-56,-52,-48,-43,-38,-34,-30,-27,-25,-23,-21,-19,-15,-10,0,11,22,32,41,49,57,64,71,78,86,94,103,112,120,130,139,148,156,163,170,179,193,215,238,251,261,269,274,276,273,264,251,236,213,178,156,137,120,103,85,64,40,22,7,-4,-16,-27,-32,-35,-37,-39,-41,-42,-42,-42,-42,-43,-43,-44,-45,-45,-46,-46,-47,-48,-48,-48,-47,-47,-47,-48,-49,-51,-53,-59,-58,-48,-43,-40,-37,-33,-30,-28,-28,-31,-35,-40,-44,-47,-53,-60,-65,-66,-65,-63,-62,-61,-61,-60,-59,-56,-52,-48,-45,-44,-42,-40,-37,-34,-33,-33,-33,-33,-34,-34,-36,-39,-43,-46,-50,-53,-56,-60,-65,-69,-71,-68,-61,-52,-41,-25,-1,14,22,27,31,34,36,38,38,37,35,33,30,28,27,26,25,23,20,17,14,10,6,3,0,-4,-8,-13,-21,-37,-46,-51,-54,-56,-58,-60,-63,-65,-68,-71,-73,-76,-78,-81,-83,-84,-86,-87,-89,-92,-95,-99,-101,-103,-104,-104,-104,-102,-99,-95,-89,-82,-73,-37,36,149,301,486,688,862,980,995,953,785,525,238,-16,-202,-260,-257,-216,-186,-171,-163,-156,-149,-143,-140,-138,-137,-136,-135,-135,-135,-135,-134,-133,-130,-129,-128,-126,-124,-121,-118,-114,-110,-105,-99,-87,-61,-43,-35,-30,-26,-22,-19,-16,-13,-11,-8,-6,-4,-1,0,2,4,7,11,18,32,48,66,87,111,129,151,180,202,216,227,239,246,253,259,263,265,263,258,251,241,226,193,164,143,122,96,60,41,31,24,18,13,8,3,0,-4,-8,-15,-27,-39,-51,-66,-83,-93,-98,-101,-104,-106,-106,-107,-107,-106,-106,-104,-103,-101,-99,-97,-96,-95,-93,-91,-89,-88,-87,-87,-87,-88,-91,-94,-98,-101,-105,-108,-110,-113,-115,-118,-119,-119,-118,-116,-114,-112,-109,-105,-101,-98,-95,-92,-88,-83,-79,-77,-77,-78,-80,-83,-85,-87,-89,-92,-95,-97,-100,-102,-104,-105,-107,-108,-109,-111,-113,-118,-122,-121,-115,-105,-94,-78,-64,-51,-37,-22,-14,-10,-6,-2,0,2,3,3,3,1,0,-4,-8,-12,-17,-22,-25,-27,-29,-30,-33,-36,-39,-41,-43,-44,-46,-48,-51,-52,-53,-53,-54,-55,-56,-58,-59,-60,-61,-63,-65,-68,-70,-74,-80,-87,-90,-88,-82,-74,-64,-48,-30,-15,-2,7,14,27,44,74,130,212,330,474,631,794,928,1014,1018,951,762,491,209,-37,-181,-213,-203,-121,-59,-36,-36,-44,-52,-61,-61,-52,-47,-42,-39,-36,-35,-37,-41,-45,-49,-54,-61,-65,-59,-49,-39,-29,-18,-7,6,21,28,33,36,39,43,50,58,67,76,85,94,101,104,107,110,114,119,126,136,149,166,187,207,221,233,242,249,255,264,277,300,316,326,334,341,343,342,337,329,319,300,270,255,248,240,231,220,207,184,151,127,110,96,77,50,34,25,19,16,17,21,26,32,36,42,47,51,52,51,47,41,35,30,25,20,15,12,10,7,4,0,-4,-12,-17,-18,-13,-9,-6,-5,-2,0,2,5,7,8,8,8,7,7,5,3,1,0,-1,-2,-3,-3,-4,-5,-6,-7,-9,-11,-14,-18,-22,-25,-27,-27,-28,-29,-30,-30,-30,-30,-30,-32,-35,-37,-34,-25,-16,-9,-4,0,5,9,13,18,21,24,26,28,30,33,36,37,37,37,37,36,34,31,26,20,13,8,3,0,-4,-10,-15,-21,-26,-31,-35,-39,-43,-46,-50,-53,-56,-61,-68,-76,-83,-89,-96,-105,-117,-125,-130,-136,-143,-142,-124,-102,-79,-65,-56,-51,-47,-43,-37,-31,-25,-16,17,109,239,400,592,792,978,1098,1107,1029,785,443,90,-197,-317,-327,-255,-161,-119,-106,-99,-96,-96,-99,-102,-106,-109,-112,-111,-101,-91,-87,-84,-80,-76,-73,-70,-67,-65,-62,-59,-56,-54,-54,-54,-55,-54,-52,-49,-44,-31,-13,-1,6,14,21,28,35,41,48,55,61,66,72,77,84,93,107,128,146,156,163,169,174,179,184,187,191,196,209,237,273,296,309,318,293,252,210,180,156,135,109,74,52,40,31,21,12,1,-16,-37,-42,-43,-44,-46,-47,-48,-50,-53,-56,-60,-65,-71,-76,-81,-85,-91,-97,-105,-111,-114,-114,-109,-103,-95,-88,-82,-75,-68,-62,-56,-51,-49,-49,-51,-54,-58,-62,-67,-73,-78,-84,-92,-101,-108,-109,-104,-96,-90,-87,-84,-80,-76,-72,-67,-63,-59,-56,-53,-51,-50,-50,-51,-53,-55,-56,-58,-59,-59,-60,-61,-63,-65,-67,-73,-79,-78,-69,-56,-44,-32,-20,-13,-7,-2,0,3,6,9,11,13,13,14,15,15,15,14,12,10,6,3,0,-4,-9,-15,-20,-30,-52,-73,-87,-100,-108,-109,-98,-84,-75,-65,-56,-50,-51,-58,-68,-77,-83,-89,-94,-99,-104,-109,-113,-116,-117,-118,-118,-117,-114,-111,-105,-97,-89,-55,0,83,201,347,517,691,855,972,1010,995,874,661,397,130,-98,-253,-302,-299,-238,-157,-109,-102,-96,-92,-89,-87,-85,-82,-80,-78,-77,-76,-75,-75,-74,-73,-71,-71,-70,-70,-69,-68,-66,-65,-63,-61,-57,-52,-39,-25,-11,-3,2,7,11,15,19,23,26,30,33,37,42,50,63,77,92,104,114,124,136,147,160,173,187,200,212,223,233,244,253,256,258,259,261,263,264,263,255,243,223,191,159,125,89,51,24,9,-2,-12,-21,-27,-32,-36,-39,-42,-44,-47,-50,-53,-55,-56,-57,-58,-59,-61,-63,-65,-66,-67,-69,-71,-73,-75,-77,-77,-77,-77,-76,-75,-72,-69,-64,-59,-55,-52,-49,-45,-41,-34,-25,-19,-17,-21,-27,-35,-41,-44,-49,-54,-59,-63,-66,-68,-69,-68,-67,-64,-60,-56,-50,-45,-39,-35,-31,-25,-18,-12,-6,-3,-2,-1,0,0,0,0,-1,-2,-3,-3,-3,-1,5,13,21,28,36,45,52,56,57,54,48,40,31,20,0,-19,-40,-61,-80,-91,-99,-105,-109,-111,-110,-105,-96,-86,-78,-71,-66,-61,-56,-52,-47,-44,-41,-40,-40,-40,-40,-40,-41,-43,-45,-47,-49,-51,-54,-59,-58,-42,1,57,138,248,394,559,734,900,1033,1069,1047,895,632,325,47,-140,-176,-165,-74,-11,9,-8,-39,-60,-65,-68,-70,-71,-70,-71,-71,-70,-67,-61,-54,-46,-39,-32,-27,-21,-14,-8,-2,3,8,13,18,22,26,30,33,36,39,43,46,49,53,56,60,63,67,70,73,76,79,85,92,105,132,156,172,183,194,204,214,223,235,250,266,282,298,316,325,330,336,342,341,321,292,256,221,186,158,137,117,97,77,48,28,13,1,-2,-2,-3,-4,-4,-4,-3,0,7,16,25,4,-14,-25,-34,-42,-48,-55,-70,-89,-99,-106,-104,-87,-74,-64,-55,-48,-41,-35,-27,-16,-10,-17,-29,-35,-39,-43,-46,-49,-52,-55,-58,-61,-63,-63,-64,-63,-62,-61,-60,-59,-58,-56,-55,-52,-49,-46,-44,-43,-42,-41,-39,-37,-36,-35,-34,-34,-33,-31,-28,-26,-23,-21,-18,-15,-12,-8,-5,-3,0,5,12,20,26,29,28,24,18,11,4,-3,-13,-25,-38,-53,-66,-73,-80,-86,-91,-96,-100,-103,-106,-109,-112,-115,-117,-118,-118,-118,-118,-119,-120,-122,-126,-128,-129,-127,-120,-111,-98,-79,-66,-58,-53,-48,-41,-33,-23,-5,54,159,305,479,661,828,940,956,927,764,514,223,-61,-249,-291,-282,-190,-95,-62,-52,-78,-100,-114,-125,-132,-133,-128,-120,-112,-107,-103,-98,-94,-88,-81,-75,-69,-64,-59,-52,-39,-30,-26,-23,-20,-16,-14,-16,-22,-26,-31,-35,-34,-26,-13,1,21,40,54,64,74,84,93,101,110,120,132,148,167,183,199,212,223,231,238,242,247,251,255,259,261,262,261,258,254,249,244,237,228,215,200,188,174,152,117,82,43,24,17,11,6,3,0,-2,-4,-6,-9,-12,-15,-17,-17,-17,-16,-14,-14,-14,-15,-17,-21,-24,-27,-29,-30,-30,-28,-25,-21,-16,-6,0,-5,-13,-17,-19,-24,-28,-33,-36,-38,-39,-39,-39,-38,-37,-35,-31,-29,-26,-25,-25,-24,-22,-19,-17,-16,-19,-23,-27,-29,-31,-33,-37,-40,-43,-45,-46,-44,-42,-38,-33,-27,-20,-14,-8,-4,-1,0,1,3,4,6,7,9,10,11,12,12,11,9,6,3,0,-1,-4,-7,-11,-14,-17,-20,-23,-27,-32,-38,-46,-55,-64,-70,-76,-82,-88,-93,-97,-101,-103,-105,-107,-107,-107,-107,-107,-108,-110,-116,-122,-123,-118,-110,-105,-102,-99,-96,-92,-85,-78,-70,-59,-43,18,137,295,482,675,851,953,988,945,814,576,300,30,-174,-274,-286,-248,-162,-113,-98,-115,-144,-164,-171,-177,-180,-168,-147,-137,-131,-126,-123,-120,-116,-113,-108,-105,-103,-101,-100,-98,-96,-95,-94,-92,-90,-87,-83,-77,-71,-62,-51,-40,-29,-17,-6,3,11,18,25,31,38,44,50,55,60,66,72,79,86,93,101,110,121,131,142,154,169,189,205,217,226,234,240,244,244,238,229,217,199,172,149,120,83,46,13,-10,-29,-50,-61,-67,-72,-76,-78,-79,-79,-76,-73,-69,-65,-61,-56,-50,-43,-39,-39,-45,-54,-63,-68,-72,-77,-82,-87,-90,-93,-95,-95,-95,-93,-92,-89,-88,-86,-85,-83,-82,-81,-80,-78,-77,-76,-75,-73,-72,-71,-70,-72,-74,-76,-78,-80,-81,-82,-84,-85,-85,-85,-85,-85,-86,-87,-88,-86,-80,-73,-67,-64,-61,-59,-56,-53,-49,-47,-44,-43,-42,-42,-41,-40,-38,-37,-35,-34,-33,-31,-28,-25,-23,-20,-18,-15,-12,-7,0,8,13,12,7,0,-7,-15,-25,-37,-51,-66,-78,-89,-99,-106,-111,-115,-117,-118,-120,-121,-123,-124,-123,-118,-110,-102,-94,-89,-83,-76,-69,-62,-59,-59,-60,-62,-63,-65,-68,-72,-79,-78,-60,-8,63,159,280,426,584,747,890,980,985,918,712,428,141,-87,-183,-193,-152,-95,-75,-69,-76,-86,-93,-98,-103,-107,-109,-108,-104,-98,-91,-85,-78,-71,-63,-56,-50,-44,-39,-33,-28,-23,-18,-14,-10,-7,-4,-1,1,4,6,8,11,15,19,26,42,64,82,96,107,117,125,131,136,141,147,153,159,167,178,200,233,255,272,290,300,306,311,316,319,321,319,314,307,298,289,277,258,241,228,208,173,146,132,122,111,103,95,84,69,55,49,45,41,38,36,34,32,28,24,19,15,11,8,5,1,-2,-6,-10,-12,-13,-14,-15,-15,-14,-12,-10,-6,-3,-1,1,3,8,13,17,18,15,8,-1,-11,-21,-36,-50,-58,-66,-75,-86,-84,-63,-53,-47,-41,-35,-29,-25,-21,-19,-19,-19,-20,-22,-25,-29,-33,-37,-40,-44,-47,-53,-59,-65,-69,-69,-66,-61,-56,-50,-46,-41,-36,-30,-25,-21,-17,-15,-14,-12,-10,-7,-4,-2,-1,-1,-4,-7,-11,-14,-17,-20,-23,-27,-30,-34,-37,-40,-44,-49,-53,-57,-61,-63,-66,-68,-71,-74,-77,-80,-83,-87,-90,-94,-97,-99,-101,-103,-105,-106,-108,-111,-115,-120,-124,-126,-126,-125,-121,-116,-111,-103,-91,-78,-62,-38,-5,51,126,230,365,527,707,874,985,998,944,740,455,144,-107,-223,-262,-241,-181,-145,-139,-135,-131,-129,-127,-125,-123,-121,-118,-116,-114,-113,-112,-111,-109,-108,-106,-105,-104,-101,-96,-86,-74,-61,-53,-48,-44,-40,-36,-33,-30,-27,-23,-18,-14,-9,-4,1,8,17,26,35,43,51,60,71,81,91,99,108,125,154,175,189,201,211,227,252,268,276,283,287,288,287,282,276,268,256,238,221,204,188,173,154,127,98,64,42,31,23,17,11,4,-1,-6,-10,-13,-16,-19,-23,-26,-29,-31,-33,-34,-35,-37,-39,-40,-41,-42,-43,-45,-47,-49,-50,-50,-48,-45,-42,-38,-35,-31,-26,-21,-17,-14,-13,-13,-13,-12,-9,-6,-6,-13,-23,-36,-50,-55,-58,-61,-65,-67,-68,-65,-59,-53,-47,-44,-40,-36,-32,-28,-26,-25,-25,-25,-25,-24,-24,-25,-27,-27,-28,-28,-28,-29,-31,-33,-34,-34,-32,-30,-28,-26,-24,-21,-17,-11,-5,2,10,18,26,34,40,45,47,49,53,61,60,48,39,31,24,17,10,5,2,0,-3,-6,-8,-9,-10,-10,-10,-11,-11,-10,-9,-8,-6,-5,-3,-2,0,4,-16,-51,-80,-94,-104,-109,-105,-93,-81,-65,-43,-9,9,12,16,16,11,5,0,8,37,89,180,315,480,652,809,925,961,949,846,669,449,221,36,-91,-130,-126,-87,-73,-72,-71,-70,-70,-72,-78,-84,-88,-91,-94,-97,-100,-102,-104,-103,-102,-98,-94,-88,-81,-73,-60,-37,-21,-13,-7,-3,0,3,7,12,17,21,24,27,29,32,36,40,43,46,49,52,56,59,62,64,67,70,78,101,128,159,196,227,239,246,252,257,260,261,262,262,262,260,258,254,248,242,230,203,174,145,120,101,76,61,51,44,38,32,26,21,16,12,9,5,2,0,-4,-8,-12,-16,-20,-23,-27,-30,-33,-34,-36,-38,-44,-51,-56,-56,-50,-42,-34,-29,-25,-21,-16,-11,-7,-4,-3,-4,-6,-9,-13,-18,-24,-29,-33,-35,-37,-38,-38,-39,-41,-43,-45,-47,-50,-51,-53,-54,-54,-55,-54,-54,-55,-55,-56,-57,-60,-62,-64,-65,-67,-67,-68,-68,-68,-68,-69,-69,-71,-72,-73,-72,-69,-63,-55,-46,-36,-27,-16,-6,2,8,13,16,19,21,23,26,28,32,35,37,37,36,33,30,27,24,21,17,13,8,3,-2,-8,-16,-25,-38,-50,-62,-72,-78,-84,-90,-95,-99,-102,-102,-102,-101,-100,-99,-98,-96,-93,-92,-92,-92,-91,-89,-87,-83,-80,-76,-73,-69,-64,-58,-51,-42,-23,16,86,177,298,446,607,763,892,957,956,875,675,407,114,-126,-229,-263,-228,-193,-165,-153,-154,-157,-158,-159,-160,-161,-159,-151,-141,-132,-128,-124,-120,-114,-108,-102,-98,-94,-92,-90,-87,-85,-83,-82,-82,-80,-78,-75,-72,-68,-64,-60,-54,-47,-40,-32,-25,-18,-8,2,13,24,34,44,55,67,80,91,100,108,117,125,134,145,156,168,186,211,234,249,261,271,274,270,261,248,233,210,189,167,145,119,92,66,44,28,15,3,-11,-25,-31,-34,-38,-41,-44,-48,-50,-53,-55,-57,-58,-58,-58,-57,-57,-56,-56,-56,-55,-55,-54,-55,-56,-57,-57,-56,-56,-56,-56,-56,-57,-57,-58,-58,-60,-62,-64,-65,-65,-65,-66,-68,-69,-71,-72,-71,-71,-69,-68,-67,-65,-64,-62,-61,-60,-59,-58,-58,-57,-57,-57,-57,-58,-60,-61,-63,-65,-66,-67,-67,-66,-66,-65,-64,-64,-64,-63,-63,-64,-64,-65,-64,-63,-61,-59,-57,-54,-50,-46,-42,-39,-35,-33,-26,-9,0,2,4,5,7,9,12,13,14,13,9,5,1,-3,-8,-14,-22,-32,-46,-59,-66,-72,-78,-84,-90,-95,-98,-101,-104,-106,-108,-109,-110,-110,-109,-109,-109,-110,-112,-114,-115,-116,-114,-110,-106,-101,-96,-91,-85,-80,-75,-71,-68,-63,-56,-32,18,99,218,365,526,693,852,948,981,940,813,570,280,-15,-231,-328,-335,-272,-169,-111,-91,-93,-112,-123,-130,-136,-141,-143,-145,-146,-146,-145,-144,-142,-138,-132,-125,-114,-94,-78,-70,-65,-61,-57,-54,-50,-46,-43,-39,-36,-32,-28,-21,-15,-14,-18,-22,-27,-32,-35,-30,-18,0,25,51,79,109,144,172,190,207,222,232,240,247,253,259,265,271,276,280,284,289,293,296,297,295,291,285,278,269,259,241,225,211,188,156,123,88,67,57,49,43,40,37,35,34,33,32,30,27,23,20,26,37,44,49,55,60,62,62,58,51,43,36,31,25,19,13,8,4,2,1,1,2,4,8,13,18,22,26,30,37,45,52,55,53,46,38,29,21,12,1,-6,-13,-18,-21,-25,-29,-33,-36,-37,-36,-33,-27,-20,-13,-5,8,15,18,20,21,22,23,24,25,26,26,25,24,22,20,19,16,13,10,9,12,20,30,42,57,65,69,72,76,79,81,78,71,63,54,42,29,14,-9,-41,-73,-101,-115,-124,-129,-131,-128,-121,-111,-96,-70,-57,-50,-45,-41,-39,-38,-41,-45,-51,-57,-63,-69,-76,-83,-88,-92,-97,-105,-116,-118,-110,-87,-35,48,175,346,534,717,876,982,1019,970,835,608,334,65,-133,-230,-243,-215,-182,-170,-170,-179,-194,-193,-153,-103,-70,-57,-52,-56,-65,-70,-73,-75,-77,-80,-82,-84,-86,-87,-87,-87,-86,-85,-82,-78,-74,-69,-65,-59,-46,-33,-21,-12,-1,12,20,25,31,35,40,44,48,51,54,58,64,73,90,105,119,130,142,155,165,173,180,187,193,201,212,228,241,252,261,266,261,249,232,206,180,152,121,89,62,42,23,6,-7,-21,-35,-40,-43,-45,-47,-49,-50,-51,-52,-53,-55,-56,-58,-60,-61,-62,-63,-64,-66,-66,-67,-66,-65,-65,-65,-66,-66,-65,-64,-64,-64,-65,-66,-66,-66,-65,-64,-63,-63,-61,-59,-57,-55,-54,-54,-53,-52,-51,-52,-53,-56,-59,-61,-62,-63,-63,-64,-65,-66,-66,-66,-67,-69,-71,-74,-77,-78,-79,-80,-79,-77,-74,-70,-64,-59,-54,-49,-45,-37,-29,-23,-19,-17,-16,-15,-13,-10,-8,-5,-4,-3,-2,-1,0,0,0,-1,-3,-5,-7,-8,-9,-11,-13,-16,-19,-22,-26,-30,-39,-51,-62,-73,-84,-93,-102,-110,-116,-120,-123,-124,-124,-124,-123,-123,-123,-123,-124,-124,-125,-127,-128,-129,-129,-128,-126,-124,-122,-120,-116,-112,-105,-98,-91,-51,32,142,279,438,605,765,890,925,909,780,563,296,38,-165,-247,-275,-252,-211,-184,-176,-169,-170,-180,-190,-199,-204,-195,-180,-167,-155,-146,-141,-138,-135,-133,-130,-126,-121,-114,-104,-95,-86,-77,-68,-59,-53,-48,-43,-38,-31,-24,-15,-3,8,18,29,39,48,55,61,66,72,79,88,98,108,121,137,161,181,199,214,228,242,252,260,267,274,280,287,293,299,307,314,317,315,309,300,284,257,228,197,167,146,130,116,105,92,78,61,43,24,13,4,-3,-6,-6,-5,-3,-1,0,0,2,3,3,1,-4,-11,-17,-20,-22,-25,-28,-32,-34,-37,-38,-40,-41,-42,-43,-43,-42,-42,-43,-45,-46,-47,-49,-51,-52,-54,-56,-58,-59,-61,-62,-66,-71,-75,-78,-77,-72,-66,-60,-54,-51,-48,-45,-42,-40,-38,-36,-33,-30,-28,-25,-23,-21,-18,-16,-13,-11,-10,-7,-4,4,23,31,35,38,40,43,45,47,48,48,46,43,39,34,29,23,15,7,0,-9,-18,-32,-51,-70,-80,-87,-92,-96,-99,-99,-98,-96,-93,-91,-90,-89,-87,-85,-83,-82,-80,-79,-77,-77,-77,-78,-80,-82,-84,-86,-87,-88,-90,-91,-93,-98,-101,-96,-82,-46,1,71,162,282,419,564,717,864,976,992,956,786,531,250,-5,-161,-194,-188,-121,-96,-88,-115,-141,-161,-170,-162,-146,-128,-105,-89,-75,-64,-55,-47,-37,-26,-25,-36,-43,-49,-55,-59,-62,-62,-61,-59,-57,-55,-53,-51,-47,-43,-37,-30,-22,-12,0,15,30,52,84,100,107,113,118,122,125,128,132,136,139,142,146,152,159,171,182,190,197,206,218,236,250,260,268,272,272,267,259,248,228,199,155,108,74,50,37,27,20,14,10,6,2,-5,-29,-47,-54,-60,-64,-67,-67,-65,-62,-59,-56,-53,-51,-49,-46,-43,-41,-40,-40,-40,-41,-43,-46,-50,-54,-58,-60,-63,-67,-71,-74,-75,-72,-67,-60,-53,-48,-43,-38,-32,-27,-24,-24,-25,-28,-32,-35,-38,-40,-43,-47,-50,-54,-56,-58,-59,-59,-60,-60,-60,-58,-54,-51,-48,-44,-41,-38,-35,-31,-29,-27,-25,-23,-21,-19,-16,-14,-12,-9,-6,-2,0,1,3,3,4,6,8,11,14,21,28,34,35,33,27,20,6,-19,-47,-69,-80,-86,-91,-95,-99,-104,-110,-115,-122,-131,-139,-138,-127,-112,-96,-78,-68,-64,-60,-55,-51,-51,-60,-70,-78,-87,-95,-100,-101,-97,-87,-72,-24,46,142,260,401,559,719,866,974,996,974,834,590,293,14,-187,-256,-260,-211,-143,-112,-101,-101,-106,-110,-113,-115,-117,-114,-107,-96,-86,-81,-77,-73,-69,-64,-60,-56,-53,-50,-47,-44,-42,-39,-38,-36,-34,-31,-25,-18,-13,-9,-5,-2,1,5,9,15,21,29,38,52,75,101,117,126,134,140,146,152,157,162,167,173,181,190,201,212,228,246,256,262,267,272,274,274,268,259,246,229,203,186,164,136,108,76,52,37,21,3,-18,-39,-43,-44,-47,-49,-50,-50,-48,-44,-40,-36,-32,-29,-29,-36,-44,-49,-52,-56,-59,-61,-63,-64,-65,-66,-65,-65,-64,-63,-62,-61,-60,-59,-58,-57,-55,-55,-54,-54,-54,-54,-55,-56,-56,-57,-57,-57,-58,-58,-58,-58,-57,-56,-56,-57,-57,-56,-56,-55,-55,-56,-58,-60,-61,-62,-63,-66,-68,-71,-72,-74,-75,-81,-88,-94,-93,-85,-72,-62,-57,-53,-49,-44,-39,-34,-30,-26,-22,-19,-16,-14,-13,-13,-15,-17,-20,-22,-25,-28,-31,-34,-37,-41,-45,-50,-55,-61,-69,-78,-86,-93,-101,-108,-115,-121,-126,-132,-136,-140,-144,-146,-147,-148,-147,-145,-142,-139,-136,-132,-126,-119,-109,-90,-80,-75,-71,-68,-63,-56,-46,-29,24,115,243,396,573,744,883,943,935,831,627,373,116,-92,-195,-231,-215,-166,-127,-114,-108,-109,-115,-123,-127,-130,-133,-135,-137,-139,-141,-142,-142,-141,-138,-133,-126,-118,-108,-95,-71,-43,-30,-24,-18,-14,-11,-8,-6,-3,0,2,4,7,8,10,12,14,16,19,24,36,50,66,82,99,113,124,143,169,198,226,247,260,272,285,293,299,305,310,312,312,309,305,298,290,279,260,238,216,193,173,147,117,95,78,59,43,30,21,15,12,10,8,7,6,4,2,0,-3,-6,-8,-10,-12,-15,-17,-20,-23,-28,-33,-38,-42,-43,-39,-33,-26,-19,-13,-7,-1,4,9,13,16,16,14,10,6,1,-4,-11,-19,-34,-45,-50,-54,-58,-62,-65,-55,-36,-22,-6,5,7,6,6,6,6,7,7,6,5,4,3,3,2,1,0,-1,-2,-3,-3,-4,-4,-4,0,11,21,26,30,33,36,38,40,41,43,44,46,48,50,51,53,55,56,56,56,57,57,59,61,64,67,71,81,87,82,73,66,59,52,42,29,15,1,-16,-29,-36,-41,-44,-47,-50,-53,-56,-58,-60,-61,-62,-63,-64,-64,-65,-66,-67,-68,-70,-69,-65,-57,-49,-41,-32,-22,-12,-5,4,42,107,203,331,495,684,871,1007,1062,1016,855,614,335,76,-110,-188,-215,-228,-229,-224,-212,-176,-118,-48,-27,-19,-28,-62,-86,-95,-100,-103,-106,-108,-110,-109,-107,-104,-99,-94,-89,-84,-78,-71,-63,-57,-50,-43,-31,-11,10,25,37,45,48,44,38,30,23,14,7,7,15,27,39,52,64,76,90,109,129,150,170,181,188,192,195,198,201,206,211,216,223,232,247,256,261,271,269,237,186,154,125,103,84,59,24,5,-3,-10,-15,-20,-24,-27,-30,-33,-36,-40,-43,-46,-48,-51,-54,-58,-61,-63,-64,-64,-65,-65,-65,-64,-63,-60,-58,-57,-56,-55,-53,-51,-49,-47,-45,-42,-38,-35,-34,-37,-44,-53,-62,-70,-78,-86,-93,-97,-97,-93,-87,-80,-72,-64,-51,-42,-38,-37,-35,-34,-32,-31,-30,-29,-31,-33,-36,-38,-40,-42,-45,-48,-51,-53,-54,-55,-55,-53,-51,-46,-41,-34,-28,-23,-18,-15,-12,-9,-6,-3,0,3,6,9,12,15,16,16,15,12,9,6,3,0,-4,-9,-15,-21,-26,-33,-41,-49,-55,-61,-66,-69,-72,-74,-77,-80,-83,-86,-88,-90,-93,-95,-98,-99,-99,-99,-99,-100,-102,-105,-107,-109,-110,-110,-110,-108,-105,-100,-91,-75,-43,13,98,216,367,540,722,886,997,1010,968,807,560,279,19,-166,-236,-259,-237,-208,-182,-164,-153,-147,-141,-136,-130,-124,-118,-112,-107,-104,-101,-99,-97,-95,-93,-92,-91,-88,-85,-82,-79,-76,-75,-74,-72,-71,-69,-67,-64,-59,-52,-42,-32,-21,-9,2,11,20,29,36,42,46,50,53,55,58,62,68,78,89,103,120,139,156,179,212,233,244,252,257,260,260,257,251,243,234,224,207,191,177,154,120,91,68,44,21,-1,-25,-33,-36,-39,-42,-44,-45,-47,-49,-51,-53,-55,-56,-58,-59,-60,-59,-59,-58,-57,-56,-56,-56,-56,-55,-55,-55,-55,-55,-55,-53,-51,-49,-46,-44,-42,-39,-36,-34,-33,-33,-32,-31,-30,-29,-28,-28,-27,-26,-25,-23,-22,-22,-22,-22,-21,-20,-20,-20,-20,-21,-22,-22,-22,-23,-25,-26,-27,-27,-27,-28,-28,-30,-32,-34,-36,-41,-46,-46,-36,-23,-14,-6,0,7,14,19,25,30,34,37,39,42,45,48,52,54,55,55,55,55,53,51,46,40,34,28,22,17,8,-1,-10,-17,-23,-27,-29,-32,-36,-39,-41,-43,-44,-45,-46,-48,-50,-51,-51,-51,-52,-54,-57,-59,-61,-62,-63,-64,-67,-69,-71,-73,-76,-83,-89,-90,-82,-66,-21,32,113,220,354,506,665,824,956,1029,1026,938,728,449,178,-48,-162,-204,-205,-188,-175,-167,-159,-148,-135,-119,-94,-64,-55,-52,-50,-49,-49,-49,-49,-48,-48,-48,-48,-48,-48,-48,-47,-45,-43,-40,-37,-34,-30,-27,-24,-20,-15,-11,-5,1,8,15,21,27,32,37,42,48,55,63,73,84,95,106,118,131,145,156,166,186,215,229,236,241,246,249,250,250,248,244,239,233,227,218,203,187,172,148,116,97,86,75,64,54,40,24,11,2,-3,-10,-21,-34,-41,-47,-52,-57,-61,-64,-66,-65,-64,-62,-60,-58,-56,-52,-49,-44,-40,-36,-32,-28,-26,-23,-21,-20,-19,-19,-20,-21,-23,-24,-25,-27,-28,-30,-32,-34,-36,-38,-40,-42,-43,-43,-42,-40,-36,-32,-27,-22,-18,-13,-9,-2,4,8,8,4,-2,-10,-21,-36,-45,-50,-54,-58,-59,-56,-49,-38,-21,7,23,31,36,40,44,47,50,53,57,64,63,49,41,35,30,26,23,21,21,21,21,23,25,27,29,31,33,34,34,33,31,26,20,12,3,-10,-33,-47,-54,-58,-61,-63,-65,-67,-68,-69,-67,-63,-58,-53,-48,-43,-36,-24,-14,-10,-9,-8,-8,-7,-6,-7,-11,-15,-19,-18,-2,39,113,216,349,503,668,821,942,992,945,803,578,297,19,-202,-293,-300,-240,-150,-106,-89,-90,-108,-125,-142,-150,-154,-156,-158,-160,-162,-164,-165,-165,-163,-159,-154,-149,-144,-139,-135,-129,-124,-119,-114,-111,-107,-103,-97,-89,-74,-54,-44,-38,-34,-30,-27,-25,-23,-20,-17,-15,-13,-11,-8,-5,1,15,38,57,72,82,88,93,102,124,145,157,166,173,181,196,215,228,237,235,218,198,178,162,143,117,89,60,31,2,-20,-37,-60,-69,-74,-78,-82,-85,-88,-90,-93,-94,-96,-97,-99,-100,-100,-101,-101,-100,-100,-99,-99,-99,-99,-99,-99,-99,-99,-99,-99,-100,-99,-98,-95,-92,-89,-87,-86,-84,-83,-82,-81,-82,-82,-83,-83,-83,-84,-84,-84,-84,-83,-81,-79,-77,-75,-72,-69,-66,-62,-59,-57,-54,-49,-43,-37,-32,-31,-34,-39,-45,-52,-58,-66,-73,-79,-82,-80,-77,-71,-64,-52,-22,-3,7,14,19,22,24,25,27,29,32,31,23,19,17,15,13,11,10,7,4,0,-3,-7,-11,-14,-17,-20,-23,-27,-30,-34,-37,-41,-44,-47,-50,-52,-54,-56,-57,-58,-58,-59,-60,-60,-62,-64,-66,-69,-71,-70,-67,-61,-55,-47,-39,-30,-20,-9,-2,6,40,105,209,350,520,715,903,1052,1092,1071,923,659,351,80,-106,-158,-155,-91,-36,-15,-17,-39,-54,-66,-76,-82,-83,-78,-72,-66,-61,-58,-54,-50,-44,-34,-23,-13,-5,2,9,16,21,25,28,30,32,34,36,37,39,40,41,41,42,44,47,50,53,56,61,68,76,95,132,157,173,188,203,215,226,236,245,251,257,262,268,274,278,281,284,287,290,293,294,294,291,287,281,270,247,220,191,166,146,127,104,72,49,36,25,14,4,-5,-14,-23,-28,-30,-30,-30,-30,-29,-29,-28,-28,-27,-26,-26,-28,-29,-31,-32,-32,-33,-34,-36,-37,-38,-38,-38,-39,-42,-45,-48,-51,-52,-53,-53,-53,-52,-51,-47,-44,-40,-36,-33,-31,-27,-23,-19,-15,-14,-17,-22,-29,-37,-43,-49,-55,-62,-69,-74,-76,-75,-72,-67,-63,-58,-53,-45,-31,-15,1,11,19,26,34,40,44,45,44,42,40,38,36,33,29,22,9,-4,-11,-16,-22,-27,-32,-37,-41,-45,-49,-53,-58,-64,-69,-74,-81,-88,-95,-98,-101,-102,-103,-104,-105,-106,-107,-107,-107,-107,-108,-108,-109,-109,-108,-107,-106,-104,-101,-98,-95,-90,-85,-79,-72,-58,-24,36,122,239,392,575,766,931,1026,1031,951,727,430,121,-119,-245,-264,-235,-164,-131,-125,-121,-117,-114,-112,-109,-105,-101,-95,-91,-87,-84,-84,-83,-81,-79,-77,-74,-72,-71,-69,-66,-63,-60,-56,-54,-52,-50,-49,-46,-44,-42,-39,-35,-29,-18,-5,5,14,25,40,62,84,96,103,107,111,114,118,123,127,132,136,142,150,167,202,231,251,263,270,276,280,282,281,276,267,255,240,216,193,170,147,127,100,65,41,26,16,8,2,-2,-6,-9,-14,-19,-26,-34,-41,-47,-52,-58,-63,-68,-72,-75,-77,-80,-82,-84,-86,-88,-92,-96,-99,-99,-95,-88,-80,-74,-67,-61,-55,-53,-54,-59,-66,-72,-78,-83,-89,-94,-99,-102,-105,-108,-110,-112,-113,-114,-116,-119,-122,-122,-114,-105,-102,-99,-97,-96,-94,-93,-92,-91,-89,-87,-85,-83,-80,-79,-77,-75,-73,-71,-68,-64,-60,-55,-46,-36,-28,-22,-17,-13,-8,-3,1,5,6,4,-1,-9,-18,-29,-47,-66,-84,-100,-109,-115,-117,-118,-119,-121,-124,-125,-127,-128,-129,-129,-128,-127,-126,-124,-121,-119,-118,-117,-117,-117,-118,-118,-118,-117,-116,-114,-111,-108,-105,-101,-95,-87,-76,-32,42,142,274,431,603,773,911,983,984,913,729,461,168,-83,-226,-249,-220,-138,-62,-47,-47,-47,-46,-46,-49,-55,-61,-65,-70,-75,-80,-83,-84,-82,-76,-70,-64,-58,-52,-43,-33,-20,-6,4,14,23,32,38,42,45,48,52,57,63,72,84,96,107,118,128,137,144,149,155,161,170,179,190,201,216,234,247,261,275,294,315,334,350,360,368,374,378,379,377,372,365,356,344,324,306,282,252,222,195,174,158,142,122,97,79,68,61,55,50,46,41,38,38,39,40,40,41,41,42,42,39,34,27,20,12,1,-9,-20,-29,-37,-45,-50,-52,-50,-44,-36,-29,-20,-11,-1,7,13,19,25,30,33,34,32,27,20,12,3,-5,-19,-31,-36,-39,-42,-44,-47,-50,-52,-51,-45,-35,-25,-19,-12,-6,0,5,9,13,16,19,22,24,27,31,39,44,37,22,11,1,-7,-12,-12,-7,-1,4,10,15,21,25,27,25,20,12,4,-4,-16,-28,-37,-47,-61,-78,-93,-108,-122,-131,-139,-146,-144,-128,-111,-93,-76,-64,-55,-48,-46,-49,-55,-62,-72,-87,-103,-113,-120,-126,-130,-130,-126,-117,-103,-56,12,108,226,364,521,695,857,955,960,885,683,415,135,-87,-220,-242,-223,-159,-125,-114,-113,-116,-117,-118,-120,-121,-121,-119,-115,-111,-107,-104,-102,-98,-94,-91,-87,-85,-83,-82,-80,-77,-73,-69,-63,-53,-47,-51,-57,-62,-69,-72,-67,-55,-43,-31,-17,-2,8,17,24,32,39,45,52,65,94,117,129,141,153,164,172,179,187,194,201,206,210,213,216,221,226,230,231,229,225,219,212,199,173,145,118,93,66,37,6,-15,-28,-37,-46,-53,-59,-64,-68,-72,-75,-78,-78,-77,-76,-74,-74,-73,-72,-71,-70,-68,-67,-66,-65,-65,-65,-66,-68,-71,-74,-76,-79,-81,-83,-85,-86,-86,-86,-85,-85,-84,-84,-83,-81,-80,-79,-79,-79,-78,-78,-77,-77,-78,-79,-80,-81,-82,-83,-84,-85,-87,-90,-92,-97,-108,-108,-89,-71,-54,-41,-30,-17,-2,10,21,32,30,9,-6,-19,-28,-33,-37,-39,-41,-43,-46,-47,-49,-51,-52,-54,-57,-60,-63,-67,-71,-75,-79,-86,-94,-102,-111,-120,-128,-134,-139,-143,-147,-150,-153,-154,-154,-153,-152,-151,-149,-148,-147,-145,-143,-140,-136,-133,-129,-125,-120,-115,-109,-103,-94,-81,-30,77,223,400,590,767,910,957,946,832,618,352,88,-118,-222,-257,-237,-178,-136,-126,-118,-113,-109,-107,-105,-105,-103,-102,-101,-100,-99,-100,-100,-98,-96,-92,-88,-83,-78,-73,-67,-60,-48,-38,-34,-31,-28,-24,-20,-16,-11,-5,0,6,10,14,17,20,22,25,29,34,38,42,46,51,58,70,93,111,130,149,173,197,220,244,258,268,276,282,285,285,282,276,269,260,246,224,208,189,162,132,102,75,55,35,17,0,-18,-26,-29,-32,-35,-37,-38,-40,-42,-44,-47,-50,-53,-55,-57,-59,-61,-65,-68,-71,-73,-76,-79,-84,-88,-92,-95,-96,-97,-97,-97,-96,-94,-91,-87,-84,-80,-77,-74,-71,-67,-63,-59,-56,-55,-56,-59,-64,-70,-77,-85,-91,-98,-104,-109,-114,-117,-120,-122,-120,-117,-111,-104,-96,-88,-78,-62,-46,-34,-25,-20,-16,-13,-11,-10,-9,-8,-7,-6,-5,-4,-3,-1,0,0,0,0,0,0,1,2,3,4,5,10,14,14,5,-6,-18,-32,-44,-54,-61,-65,-67,-70,-73,-76,-77,-77,-78,-79,-80,-81,-82,-82,-81,-80,-80,-81,-81,-80,-78,-76,-75,-73,-71,-69,-66,-62,-58,-53,-47,-12,40,123,233,370,521,673,808,905,938,912,828,620,350,90,-110,-191,-194,-134,-76,-54,-55,-67,-76,-86,-91,-87,-78,-73,-69,-66,-65,-64,-62,-59,-56,-52,-49,-47,-45,-43,-40,-38,-35,-32,-29,-25,-22,-18,-15,-11,-9,-6,-4,-1,2,6,10,17,29,42,55,69,83,100,114,126,140,158,178,193,203,213,224,235,246,257,269,279,286,290,294,298,301,305,307,309,307,300,290,278,255,218,192,171,152,128,100,84,76,70,64,56,48,41,34,25,17,12,9,8,7,5,3,1,0,-2,-4,-5,-7,-10,-12,-14,-16,-19,-22,-25,-28,-29,-29,-27,-25,-23,-18,-12,-25,-42,-57,-67,-74,-80,-83,-82,-74,-63,-53,-43,-33,-26,-19,-12,-4,1,1,-6,-16,-26,-40,-47,-50,-54,-57,-60,-59,-50,-39,-32,-26,-20,-15,-9,-3,0,4,8,13,20,31,39,44,48,51,54,57,59,57,52,45,39,33,28,21,14,7,2,-2,-8,-21,-45,-64,-78,-91,-95,-98,-101,-103,-105,-107,-108,-109,-111,-113,-113,-114,-113,-111,-110,-108,-107,-106,-105,-104,-103,-102,-100,-99,-97,-94,-91,-87,-83,-78,-73,-63,-30,39,146,283,443,611,769,887,925,909,783,556,289,40,-135,-204,-206,-174,-150,-138,-134,-131,-126,-118,-111,-104,-99,-94,-90,-86,-83,-80,-77,-73,-69,-65,-60,-55,-50,-45,-35,-26,-19,-14,-9,0,21,38,46,53,59,65,72,83,98,104,106,108,109,111,114,117,121,126,130,134,140,147,157,169,188,211,222,234,254,276,303,319,328,335,339,342,343,342,339,334,326,317,300,268,238,212,190,166,140,108,89,81,74,69,66,62,58,54,51,47,43,39,35,30,23,16,10,6,2,-1,-5,-11,-17,-22,-26,-28,-32,-36,-39,-34,-25,-20,-17,-13,-10,-6,-3,0,1,3,3,3,2,0,-2,-6,-9,-12,-15,-17,-21,-26,-31,-36,-38,-37,-34,-31,-28,-26,-24,-21,-18,-15,-12,-9,-7,-5,-3,-1,0,1,2,4,5,7,9,12,15,17,17,16,13,9,5,1,-2,-7,-10,-13,-16,-18,-22,-25,-30,-34,-40,-46,-55,-71,-85,-96,-101,-104,-106,-108,-110,-113,-114,-115,-116,-118,-120,-122,-124,-125,-125,-126,-127,-128,-130,-132,-133,-135,-140,-145,-146,-141,-133,-123,-108,-89,-65,-32,31,116,235,385,558,731,875,926,915,803,594,330,76,-131,-228,-260,-245,-201,-161,-154,-150,-146,-143,-141,-140,-138,-134,-130,-127,-124,-122,-121,-121,-119,-117,-115,-113,-111,-108,-105,-101,-97,-92,-88,-85,-82,-80,-77,-74,-68,-55,-36,-24,-17,-12,-8,-3,1,6,10,14,20,28,42,54,66,78,91,104,118,135,155,171,187,203,210,213,216,218,219,221,221,222,221,220,218,215,211,205,198,183,162,135,104,75,48,27,11,-8,-18,-24,-29,-34,-38,-41,-42,-43,-43,-43,-42,-40,-38,-35,-32,-30,-28,-27,-25,-21,-16,-12,-9,-10,-13,-17,-20,-23,-28,-32,-37,-40,-39,-37,-32,-26,-20,-11,-4,-4,-12,-22,-27,-32,-36,-41,-46,-50,-53,-56,-59,-63,-67,-70,-73,-76,-78,-81,-85,-89,-92,-94,-94,-92,-89,-85,-80,-74,-69,-63,-57,-51,-45,-41,-38,-37,-37,-37,-38,-39,-41,-45,-47,-43,-36,-31,-28,-25,-22,-21,-24,-31,-41,-52,-62,-74,-86,-94,-100,-105,-109,-114,-118,-122,-125,-127,-130,-132,-133,-135,-137,-138,-141,-146,-150,-152,-149,-143,-133,-117,-94,-83,-75,-71,-79,-96,-112,-130,-138,-133,-118,-76,8,125,267,425,587,743,879,942,936,840,625,341,38,-204,-327,-345,-313,-236,-182,-169,-161,-155,-150,-146,-143,-141,-139,-137,-136,-134,-133,-132,-131,-130,-129,-127,-126,-123,-121,-119,-116,-113,-109,-105,-99,-89,-69,-54,-45,-39,-35,-32,-29,-25,-20,-15,-10,-3,2,10,21,33,42,50,59,69,82,95,106,118,129,141,154,160,165,170,173,176,179,181,182,182,182,182,180,178,174,169,164,157,150,133,95,58,24,-8,-41,-65,-79,-94,-110,-118,-123,-126,-129,-131,-134,-137,-140,-143,-145,-147,-149,-151,-153,-154,-154,-154,-154,-154,-154,-156,-157,-158,-160,-163,-166,-169,-171,-173,-173,-172,-172,-172,-173,-173,-174,-174,-175,-177,-180,-182,-184,-186,-187,-187,-187,-187,-187,-187,-187,-187,-187,-187,-188,-189,-190,-191,-190,-189,-188,-187,-185,-184,-182,-180,-178,-176,-174,-172,-170,-167,-163,-159,-155,-147,-126,-115,-111,-108,-106,-104,-104,-104,-104,-103,-102,-101,-99,-97,-95,-93,-91,-88,-86,-84,-83,-82,-80,-78,-76,-73,-70,-68,-66,-63,-61,-59,-58,-58,-57,-56,-54,-53,-51,-49,-48,-46,-43,-39,-35,-31,-26,-19,0,13,24,39,55,61,65,69,72,77,82,91,119,168,230,322,446,597,757,902,1020,1082,1086,1045,903,692,429,188,11,-29,-21,61,153,196,211,209,191,182,176,171,166,163,161,159,158,157,157,158,161,165,171,179,186,197,217,234,251,267,283,289,293,297,299,301,303,306,308,311,314,316,319,321,324,328,332,339,348,356,364,373,386,405,429,448,462,475,485,494,510,538,554,562,569,573,574,572,566,557,546,524,485,453,430,414,394,366,335,305,276,251,231,211,189,166,140,117,104,97,91,83,74,65,56,47,38,30,22,14,7,1,-5,-11,-16,-20,-24,-28,-33,-39,-45,-49,-51,-53,-55,-58,-60,-62,-62,-60,-57,-53,-48,-40,-40,-53,-72,-98,-112,-119,-124,-127,-131,-136,-140,-143,-146,-149,-153,-157,-160,-162,-161,-157,-151,-143,-127,-111,-105,-101,-103,-116,-128,-137,-145,-152,-157,-161,-165,-169,-173,-175,-176,-176,-175,-172,-169,-164,-158,-147,-122,-104,-94,-87,-83,-80,-78,-76,-74,-73,-71,-70,-70,-69,-69,-69,-70,-72,-75,-78,-83,-87,-91,-98,-111,-122,-131,-137,-141,-145,-148,-151,-154,-157,-160,-162,-163,-165,-167,-169,-171,-174,-177,-179,-180,-178,-173,-167,-160,-153,-143,-134,-129,-125,-121,-118,-114,-110,-106,-102,-96,-76,-30,40,144,282,443,614,777,898,954,920,784,559,292,15,-198,-307,-319,-278,-185,-110,-93,-87,-96,-105,-112,-116,-112,-104,-98,-93,-88,-85,-85,-86,-88,-91,-93,-96,-101,-105,-106,-102,-95,-83,-59,-43,-35,-30,-25,-19,-15,-11,-6,-1,6,14,22,26,29,32,34,36,40,43,46,51,57,70,97,119,135,145,157,175,196,220,240,252,264,276,284,290,296,300,302,302,299,293,285,275,256,225,198,171,144,113,92,82,74,66,58,50,42,36,32,29,26,24,23,23,22,21,20,18,17,16,16,15,14,14,14,14,15,14,13,12,11,9,9,8,6,4,3,1,0,-1,-4,-8,-12,-15,-17,-17,-18,-19,-19,-20,-20,-18,-17,-15,-14,-13,-11,-9,-7,-7,-9,-14,-19,-23,-29,-34,-35,-33,-31,-30,-28,-26,-24,-22,-20,-19,-18,-17,-16,-15,-15,-14,-14,-13,-11,-8,-5,-1,2,8,13,18,22,26,29,31,33,34,34,32,28,23,17,10,4,-2,-9,-17,-24,-30,-35,-40,-45,-50,-57,-65,-77,-91,-99,-106,-113,-119,-123,-125,-124,-122,-118,-114,-110,-108,-105,-102,-99,-96,-94,-92,-91,-89,-87,-86,-85,-85,-84,-83,-79,-75,-58,-5,77,191,338,504,675,836,958,981,959,824,593,323,75,-107,-184,-210,-190,-153,-126,-119,-116,-114,-111,-109,-108,-106,-105,-103,-102,-100,-99,-98,-98,-97,-96,-94,-89,-83,-75,-68,-63,-58,-52,-47,-44,-40,-38,-36,-34,-31,-28,-27,-26,-25,-24,-22,-20,-17,-16,-15,-14,-12,-9,-5,2,17,34,55,80,103,127,151,178,203,221,227,232,236,239,238,230,217,201,180,156,138,123,112,105,99,89,67,44,30,20,11,0,-13,-30,-38,-43,-47,-51,-54,-58,-60,-62,-63,-64,-65,-65,-66,-65,-65,-65,-67,-70,-72,-72,-67,-58,-49,-44,-39,-35,-29,-24,-19,-15,-11,-9,-8,-7,-6,-4,-3,0,4,10,10,4,-4,-11,-19,-27,-30,-28,-23,-17,-13,-7,-1,2,1,-2,-6,-11,-17,-21,-20,-9,2,12,22,32,36,34,25,14,0,-20,-39,-47,-53,-59,-64,-68,-71,-72,-71,-70,-66,-60,-54,-46,-38,-31,-26
