-33,-33,-32,-30,-27,-24,-21,-18,-15,-12,-9,-6,-3,0,2,5,8,10,13,15,16,17,18,19,19,19,20,20,20,21,21,22,22,22,23,23,23,23,23,23,23,23,24,24,24,25,26,27,28,30,31,32,34,36,40,45,48,51,52,54,55,56,58,59,59,60,60,60,60,59,58,57,55,53,51,49,47,45,43,39,36,32,28,26,23,20,17,13,8,3,-2,-5,-7,-9,-10,-12,-13,-14,-15,-16,-17,-18,-19,-20,-21,-22,-23,-24,-27,-34,-41,-48,-54,-54,-48,-32,8,75,165,275,394,507,594,633,605,510,364,198,46,-63,-116,-133,-126,-123,-121,-120,-120,-119,-119,-118,-118,-118,-117,-116,-114,-113,-113,-113,-112,-111,-110,-109,-108,-106,-105,-103,-100,-97,-94,-90,-88,-85,-82,-80,-77,-74,-71,-69,-67,-65,-63,-60,-58,-54,-50,-46,-41,-35,-26,-18,-12,-6,0,5,9,13,16,19,20,22,23,24,25,26,27,28,28,28,27,25,23,20,16,12,4,-2,-8,-15,-22,-28,-34,-39,-42,-45,-47,-49,-49,-50,-50,-51,-52,-52,-53,-53,-54,-53,-52,-49,-47,-44,-41,-38,-35,-31,-28,-24,-20,-17,-15,-13,-11,-10,-9,-8,-6,-5,-4,-3,-2,-1,0,0,0,0,1,2,2,3,4,6,7,9,11,13,15,17,20,22,25,30,34,39,44,48,52,56,59,63,66,70,73,77,81,83,84,85,86,86,87,87,88,88,88,88,89,89,89,88,88,88,87,87,86,86,85,85,84,83,83,83,82,82,82,82,82,82,82,82,82,82,82,81,81,81,81,81,80,80,80,79,78,78,77,76,75,74,72,68,62,58,55,51,48,46,44,42,39,37,34,31,28,25,23,20,18,16,15,14,13,13,12,11,10,9,9,8,7,6,5,4,3,1,0,-3,-7,-2,13,51,109,190,292,407,520,614,650,643,566,425,259,102,-17,-76,-96,-86,-81,-79,-79,-78,-77,-76,-76,-75,-75,-74,-73,-72,-72,-72,-72,-71,-71,-70,-70,-69,-69,-69,-68,-67,-67,-66,-65,-65,-64,-64,-63,-63,-63,-62,-62,-62,-62,-63,-63,-63,-64,-64,-64,-64,-65,-65,-65,-65,-65,-66,-66,-67,-67,-68,-68,-69,-70,-71,-72,-73,-74,-75,-77,-82,-87,-91,-96,-102,-110,-118,-127,-139,-150,-162,-175,-188,-200,-209,-217,-225,-233,-242,-247,-251,-253,-255,-257,-258,-258,-258,-256,-255,-253,-250,-248,-245,-240,-234,-230,-225,-219,-212,-203,-196,-190,-184,-178,-171,-165,-159,-154,-149,-144,-138,-132,-127,-123,-119,-116,-113,-111,-108,-104,-100,-96,-91,-86,-80,-73,-67,-61,-56,-50,-45,-39,-32,-24,-16,-7,0,8,15,23,31,38,43,49,54,61,69,77,83,87,90,94,97,100,103,107,110,113,117,121,124,126,128,130,132,133,135,137,139,141,142,144,147,149,151,153,156,159,162,165,168,170,172,174,176,178,180,181,183,183,184,184,183,183,182,180,178,176,174,172,169,166,161,156,151,147,144,140,137,133,130,126,122,119,117,115,113,112,110,109,108,107,106,104,103,102,101,101,100,98,97,94,87,83,79,76,77,88,119,173,252,351,465,580,679,726,724,661,524,350,179,45,-32,-49,-43,-31,-27,-25,-23,-21,-20,-19,-18,-17,-17,-15,-14,-13,-13,-13,-13,-13,-12,-11,-11,-10,-9,-8,-7,-6,-4,-3,-1,0,1,2,4,5,7,9,11,13,15,18,20,23,26,29,32,35,38,42,46,50,53,57,60,62,64,67,68,70,71,72,72,72,71,70,68,67,64,62,59,54,49,44,38,32,25,18,11,5,1,-2,-6,-10,-15,-18,-21,-24,-26,-28,-31,-33,-35,-37,-39,-41,-42,-44,-45,-46,-46,-47,-47,-48,-48,-49,-49,-50,-50,-50,-51,-51,-52,-52,-52,-52,-52,-52,-52,-53,-53,-53,-53,-53,-54,-54,-55,-55,-55,-56,-56,-56,-56,-56,-56,-55,-54,-54,-53,-52,-51,-51,-50,-49,-48,-47,-46,-45,-44,-43,-41,-40,-39,-38,-38,-37,-37,-37,-36,-35,-34,-32,-31,-30,-29,-28,-27,-27,-27,-27,-26,-26,-26,-25,-25,-24,-24,-23,-23,-23,-22,-22,-22,-22,-21,-21,-21,-21,-21,-22,-22,-22,-22,-23,-23,-24,-26,-27,-28,-30,-32,-34,-35,-37,-38,-39,-40,-41,-42,-42,-43,-44,-45,-46,-47,-48,-48,-49,-49,-50,-50,-50,-50,-51,-51,-51,-51,-52,-53,-54,-54,-55,-55,-54,-53,-52,-50,-49,-47,-45,-42,-38,-35,-11,44,124,230,354,482,595,660,664,614,483,312,140,0,-88,-108,-115,-104,-99,-97,-95,-94,-93,-92,-91,-90,-88,-87,-86,-85,-85,-85,-84,-83,-82,-81,-79,-77,-75,-72,-67,-61,-57,-52,-48,-44,-39,-35,-31,-26,-21,-16,-8,-1,5,11,16,22,27,32,38,45,52,60,67,75,82,90,97,102,107,112,117,122,128,134,140,145,150,152,154,156,157,158,159,160,161,161,161,162,161,161,160,159,158,157,156,154,152,151,149,147,145,143,140,137,134,132,130,127,125,123,121,120,118,116,114,112,109,107,104,101,98,95,92,88,84,81,78,75,72,69,67,65,64,62,60,59,58,57,56,56,56,56,56,55,55,55,55,55,55,56,56,56,57,57,57,57,56,56,55,54,53,52,50,49,47,45,42,36,30,24,19,12,4,-4,-12,-20,-29,-38,-46,-54,-60,-65,-70,-76,-81,-86,-92,-98,-103,-106,-109,-112,-116,-119,-122,-124,-126,-128,-130,-131,-132,-134,-135,-137,-139,-140,-142,-143,-144,-145,-145,-146,-146,-147,-147,-148,-148,-147,-147,-145,-143,-142,-140,-138,-136,-133,-130,-124,-118,-111,-105,-101,-98,-94,-91,-88,-86,-84,-82,-81,-79,-78,-77,-75,-73,-72,-70,-67,-64,-60,-53,-50,-49,-49,-48,-48,-48,-47,-45,-41,-35,-14,34,108,208,328,458,580,672,706,668,557,394,218,63,-45,-90,-105,-103,-100,-98,-99,-107,-110,-112,-115,-118,-121,-123,-125,-126,-127,-127,-126,-126,-125,-123,-122,-121,-119,-117,-114,-110,-104,-100,-95,-91,-85,-80,-73,-67,-61,-54,-48,-42,-37,-32,-28,-23,-17,-11,-5,1,7,14,21,27,34,40,46,52,59,67,76,83,89,93,95,97,99,100,101,102,103,103,102,100,98,95,91,86,77,69,61,54,45,39,34,31,27,23,20,18,17,15,14,13,12,10,9,7,5,4,2,0,-2,-8,-13,-17,-21,-25,-29,-33,-36,-39,-41,-43,-45,-46,-48,-49,-50,-51,-51,-50,-48,-45,-42,-38,-35,-29,-23,-19,-15,-12,-9,-7,-6,-4,-4,-3,-3,-4,-6,-8,-9,-11,-13,-16,-18,-20,-22,-25,-27,-29,-30,-32,-32,-30,-28,-24,-21,-18,-15,-12,-10,-7,-6,-4,-3,-2,-1,-1,-1,-1,-2,-3,-4,-5,-6,-6,-6,-6,-6,-5,-4,-3,-2,0,1,3,5,9,17,24,31,34,37,38,40,41,43,44,44,44,45,44,43,42,40,38,36,34,31,26,17,10,4,-1,-7,-11,-14,-17,-18,-20,-21,-21,-22,-21,-20,-19,-18,-16,-15,-13,-11,-9,-7,-5,-2,3,8,11,14,16,18,19,20,20,17,12,6,0,-10,-13,-9,3,36,91,170,272,389,510,620,686,691,650,526,361,190,47,-49,-83,-95,-89,-82,-79,-77,-76,-76,-77,-78,-79,-78,-77,-76,-75,-73,-71,-68,-66,-63,-60,-57,-53,-49,-47,-45,-43,-40,-38,-37,-36,-35,-34,-33,-32,-30,-28,-27,-25,-23,-20,-16,-9,-3,1,7,15,22,29,37,44,54,67,78,86,95,102,108,114,119,122,125,128,130,131,130,129,126,122,117,110,99,88,78,67,58,49,40,31,21,12,1,-6,-13,-18,-20,-22,-23,-24,-25,-27,-27,-27,-27,-27,-26,-25,-24,-22,-19,-17,-14,-12,-10,-8,-6,-5,-3,-3,-2,-1,-1,-1,-2,-3,-5,-6,-8,-10,-12,-13,-16,-18,-20,-22,-23,-24,-26,-27,-28,-29,-29,-29,-28,-26,-24,-21,-18,-15,-12,-9,-6,-2,2,5,9,12,15,17,19,21,22,24,26,27,29,30,30,30,29,29,28,27,27,25,24,22,21,19,16,14,11,9,7,5,3,1,0,-2,-3,-4,-6,-7,-7,-8,-8,-7,-6,-6,-5,-3,-2,-1,0,1,2,4,6,8,9,9,9,8,7,5,3,1,-1,-3,-8,-18,-28,-37,-44,-50,-57,-62,-66,-70,-74,-78,-82,-86,-92,-97,-102,-106,-111,-115,-119,-123,-128,-133,-137,-140,-144,-147,-149,-150,-153,-157,-163,-173,-187,-198,-208,-213,-211,-203,-181,-130,-57,36,141,246,330,359,351,272,125,-55,-236,-383,-478,-504,-514,-510,-505,-502,-499,-497,-494,-492,-491,-490,-488,-484,-475,-466,-456,-446,-436,-426,-417,-409,-397,-383,-369,-355,-340,-326,-312,-299,-285,-272,-258,-244,-230,-215,-200,-186,-171,-157,-143,-130,-117,-104,-93,-80,-68,-55,-41,-27,-13,0,12,26,39,48,57,66,76,86,95,106,116,121,125,128,131,133,135,137,139,138,135,132,128,123,119,116,112,109,106,103,100,97,95,93,92,92,92,92,93,94,95,97,99,100,101,102,102,103,104,104,105,105,105,105,104,103,103,102,102,102,101,101,100,99,98,97,96,94,93,92,91,90,90,89,88,88,88,87,87,86,85,85,85,85,86,86,86,87,87,87,87,87,87,87,87,87,87,86,85,84,83,82,81,80,79,78,78,78,77,77,76,76,76,75,74,73,72,71,70,69,68,67,66,66,66,65,64,64,64,64,64,64,65,65,65,65,66,66,66,66,66,65,65,64,64,63,61,61,59,57,55,53,51,49,47,44,42,40,39,38,37,35,34,33,32,31,30,29,28,26,25,24,23,21,19,18,16,15,14,13,12,11,9,6,1,-7,-14,-20,-26,-31,-30,-17,17,77,162,270,395,520,627,678,676,611,469,290,113,-24,-91,-116,-105,-84,-64,-56,-53,-49,-47,-46,-46,-44,-42,-39,-37,-35,-33,-31,-30,-28,-26,-24,-23,-21,-19,-17,-16,-15,-13,-11,-9,-7,-5,-2,0,3,6,9,12,14,16,18,20,23,25,27,30,32,35,38,40,43,46,50,54,59,63,66,69,71,72,74,76,77,79,79,80,79,77,74,69,64,59,49,41,35,29,23,16,8,2,-2,-5,-8,-11,-15,-18,-21,-23,-24,-25,-26,-26,-27,-28,-28,-29,-30,-31,-31,-33,-34,-35,-36,-38,-39,-41,-42,-44,-46,-47,-49,-50,-52,-53,-54,-56,-57,-59,-60,-61,-63,-64,-65,-66,-67,-68,-69,-70,-70,-71,-71,-72,-73,-73,-74,-74,-73,-73,-72,-71,-70,-69,-68,-67,-65,-64,-62,-61,-59,-57,-55,-54,-52,-50,-49,-47,-46,-44,-43,-41,-39,-37,-36,-34,-32,-31,-30,-29,-29,-28,-27,-27,-28,-28,-28,-29,-29,-29,-30,-31,-31,-31,-31,-30,-30,-29,-29,-28,-28,-28,-28,-28,-28,-27,-27,-27,-26,-26,-25,-25,-24,-24,-24,-24,-24,-24,-24,-25,-25,-26,-26,-26,-26,-26,-27,-27,-27,-26,-26,-25,-24,-23,-22,-21,-20,-19,-19,-18,-17,-15,-14,-12,-11,-9,-8,-7,-6,-6,-7,-7,-7,-8,-9,-9,-10,-8,2,41,106,198,313,443,575,687,746,748,689,552,376,201,61,-28,-53,-61,-57,-54,-52,-50,-49,-48,-47,-47,-48,-49,-49,-48,-47,-45,-44,-42,-40,-38,-36,-35,-33,-32,-30,-29,-27,-25,-23,-22,-20,-18,-16,-14,-13,-12,-10,-8,-6,-4,-1,1,5,10,14,18,21,25,29,34,39,44,49,55,60,64,67,71,74,76,79,80,81,81,80,79,76,73,70,66,61,55,46,37,29,20,9,0,-8,-17,-25,-32,-37,-42,-48,-54,-57,-59,-62,-64,-66,-67,-69,-70,-72,-73,-73,-74,-73,-73,-72,-72,-70,-69,-67,-66,-64,-62,-60,-58,-57,-55,-54,-52,-51,-50,-49,-48,-47,-47,-47,-47,-46,-45,-45,-44,-44,-43,-43,-43,-43,-43,-42,-42,-41,-41,-40,-39,-38,-37,-37,-36,-36,-35,-35,-34,-33,-32,-31,-30,-30,-29,-29,-29,-29,-29,-29,-29,-29,-28,-28,-27,-27,-27,-28,-28,-28,-28,-28,-28,-27,-27,-26,-25,-25,-25,-24,-24,-24,-24,-23,-23,-22,-21,-20,-19,-18,-18,-17,-17,-16,-15,-14,-12,-9,-7,-5,-3,-1,0,1,2,3,4,5,7,8,9,10,10,11,11,10,10,10,10,9,9,9,8,8,7,7,6,5,5,4,4,4,4,5,5,6,6,6,6,6,6,6,6,6,6,6,6,6,6,6,5,4,3,2,0,0,-2,-4,-9,-12,-9,-3,14,54,115,200,305,424,541,638,677,671,595,450,277,116,-4,-55,-73,-64,-48,-36,-33,-31,-30,-29,-28,-27,-27,-27,-26,-25,-24,-22,-20,-18,-17,-15,-14,-12,-10,-8,-5,-3,0,1,3,4,6,7,8,10,12,14,17,19,21,24,26,29,32,36,40,44,48,52,55,58,61,65,69,73,77,81,84,87,88,89,90,90,91,91,92,92,93,91,89,85,81,76,70,63,57,50,42,34,27,21,15,8,3,-1,-5,-8,-11,-13,-14,-14,-15,-16,-17,-18,-18,-18,-19,-19,-18,-18,-19,-19,-19,-19,-19,-19,-18,-18,-18,-17,-17,-16,-16,-17,-17,-17,-18,-18,-18,-18,-17,-17,-17,-17,-17,-17,-17,-17,-17,-17,-16,-15,-14,-13,-11,-10,-9,-9,-8,-8,-8,-7,-6,-5,-4,-3,-2,-1,0,0,0,0,0,0,0,0,0,0,0,0,0,0,0,0,0,0,0,0,0,0,0,0,0,0,0,-1,-1,-1,-1,-1,-1,0,0,1,2,3,4,5,7,8,10,11,13,14,15,17,18,20,21,22,24,25,26,27,28,28,28,28,28,27,27,26,26,25,25,24,23,22,21,20,18,17,16,15,14,14,14,14,14,14,14,14,14,14,14,14,15,15,16,17,17,17,17,16,15,14,13,12,11,10,7,3,3,10,27,68,132,221,330,453,573,671,707,699,618,467,289,124,2,-49,-67,-54,-47,-45,-42,-40,-38,-36,-34,-33,-31,-30,-29,-28,-28,-27,-26,-25,-24,-23,-22,-20,-18,-17,-14,-12,-10,-8,-6,-4,-2,0,1,3,5,7,9,10,12,14,15,17,19,21,24,28,31,34,38,41,45,48,51,55,58,62,64,66,68,70,72,73,74,74,74,73,72,71,69,67,64,59,51,44,37,29,20,13,8,3,-1,-6,-11,-16,-20,-23,-26,-28,-29,-30,-31,-31,-32,-33,-33,-34,-34,-34,-34,-33,-33,-32,-32,-32,-32,-32,-32,-31,-31,-31,-30,-30,-30,-29,-29,-29,-30,-30,-30,-30,-30,-30,-31,-31,-31,-31,-31,-32,-32,-32,-33,-33,-33,-33,-33,-33,-33,-33,-33,-33,-32,-32,-31,-31,-30,-29,-29,-28,-27,-26,-25,-24,-24,-23,-23,-22,-21,-21,-19,-17,-15,-13,-13,-13,-13,-13,-13,-13,-13,-13,-13,-13,-13,-13,-13,-13,-14,-14,-14,-14,-14,-14,-14,-14,-14,-14,-13,-13,-12,-11,-11,-9,-8,-7,-6,-5,-4,-3,-2,-1,0,1,2,3,4,6,7,8,8,9,9,9,9,8,8,8,7,7,6,6,5,4,3,2,1,0,0,-1,-2,-2,-3,-3,-4,-4,-4,-5,-5,-5,-5,-5,-5,-4,-4,-4,-4,-5,-5,-6,-6,-6,-7,-7,-8,-9,-10,-13,-17,-12,3,36,89,166,266,382,505,618,697,719,670,553,391,220,74,-22,-56,-67,-59,-54,-52,-50,-49,-48,-47,-46,-45,-43,-42,-40,-39,-38,-37,-36,-34,-33,-32,-30,-28,-26,-24,-21,-19,-17,-15,-14,-12,-11,-9,-8,-6,-4,-2,0,2,5,8,11,14,20,25,29,33,37,40,44,47,51,56,60,67,73,79,83,86,88,90,92,93,94,94,94,94,93,92,90,87,85,82,76,66,58,49,41,33,26,19,10,3,-2,-8,-15,-19,-22,-24,-27,-28,-30,-31,-32,-33,-34,-34,-35,-35,-35,-36,-36,-36,-36,-36,-36,-36,-36,-36,-35,-35,-35,-35,-35,-35,-36,-36,-36,-36,-36,-37,-37,-38,-38,-39,-39,-40,-40,-41,-41,-42,-42,-43,-43,-43,-44,-44,-44,-44,-44,-44,-44,-44,-44,-43,-43,-43,-43,-43,-42,-42,-42,-42,-41,-41,-41,-40,-40,-40,-40,-40,-40,-40,-40,-40,-39,-39,-39,-39,-39,-39,-39,-38,-38,-38,-38,-38,-38,-38,-38,-38,-38,-38,-38,-39,-38,-38,-38,-38,-38,-37,-36,-36,-35,-34,-32,-31,-29,-28,-26,-24,-21,-18,-14,-10,-8,-8,-8,-8,-8,-9,-9,-10,-10,-11,-11,-11,-11,-11,-12,-12,-13,-14,-14,-15,-16,-16,-17,-18,-18,-18,-18,-18,-18,-18,-18,-18,-17,-17,-16,-16,-16,-16,-16,-17,-18,-18,-19,-19,-18,-18,-18,-17,-16,-14,-12,-9,-6,-2,18,64,133,224,333,449,558,637,661,617,503,343,174,32,-60,-93,-93,-76,-60,-52,-49,-47,-45,-44,-42,-41,-40,-38,-36,-35,-34,-33,-31,-30,-28,-27,-25,-22,-20,-17,-15,-12,-9,-7,-4,-2,0,3,5,8,10,12,14,17,20,23,26,29,32,35,38,42,45,48,52,56,60,64,69,74,77,80,83,84,86,87,88,89,90,90,90,90,88,87,84,81,78,74,66,60,54,49,43,38,31,25,19,13,7,2,0,-3,-5,-7,-8,-9,-9,-10,-10,-10,-10,-11,-11,-11,-11,-12,-12,-12,-12,-12,-12,-12,-12,-12,-12,-12,-12,-13,-13,-13,-13,-14,-14,-14,-14,-14,-15,-15,-15,-15,-15,-15,-15,-15,-14,-14,-13,-13,-12,-12,-11,-11,-10,-10,-9,-8,-7,-7,-6,-5,-4,-3,-3,-2,-2,-1,0,0,0,1,1,2,2,3,3,2,2,1,1,0,0,0,-1,-1,-2,-2,-2,-3,-3,-3,-3,-4,-4,-4,-4,-4,-3,-3,-3,-2,-2,-1,-1,0,0,0,1,2,3,4,5,6,8,9,10,11,12,13,13,14,14,14,14,14,14,14,14,14,13,13,13,13,12,12,11,11,10,9,9,8,8,7,7,7,7,7,8,8,8,8,8,8,8,7,7,7,6,6,6,5,5,4,3,0,-1,1,11,37,88,163,261,376,496,604,667,671,624,495,326,157,21,-61,-80,-79,-53,-37,-34,-32,-30,-29,-28,-28,-27,-25,-23,-22,-20,-19,-18,-17,-15,-14,-12,-9,-7,-5,-3,-1,0,2,3,5,6,8,10,12,14,16,18,21,23,25,28,31,35,38,42,46,50,53,57,60,64,67,70,74,78,82,85,86,88,89,90,91,92,92,92,92,92,90,87,84,80,75,67,60,54,47,38,30,23,19,14,9,5,1,-2,-5,-8,-10,-12,-14,-14,-15,-15,-15,-15,-16,-16,-16,-16,-16,-16,-16,-16,-16,-16,-16,-16,-16,-16,-16,-17,-17,-17,-18,-18,-18,-19,-19,-20,-20,-21,-22,-22,-23,-24,-24,-25,-25,-26,-26,-27,-27,-27,-27,-27,-27,-27,-27,-26,-26,-26,-25,-25,-24,-23,-23,-22,-21,-21,-20,-19,-19,-18,-18,-17,-17,-17,-16,-16,-16,-16,-16,-15,-14,-13,-13,-13,-13,-14,-14,-14,-15,-15,-15,-15,-16,-16,-16,-16,-16,-16,-16,-16,-16,-16,-15,-15,-15,-14,-13,-12,-12,-11,-10,-9,-8,-7,-6,-5,-4,-3,-2,-1,-1,0,0,0,1,1,1,1,1,0,0,0,0,0,-1,-1,-2,-3,-4,-5,-6,-6,-7,-8,-8,-9,-9,-10,-10,-10,-10,-10,-10,-10,-11,-11,-12,-13,-14,-14,-13,-13,-13,-12,-12,-11,-11,-10,-8,-7,-1,32,88,168,272,391,513,621,684,688,640,512,345,176,39,-46,-65,-72,-65,-60,-58,-57,-55,-54,-53,-52,-50,-49,-47,-46,-45,-44,-43,-42,-41,-39,-38,-36,-34,-32,-31,-29,-28,-26,-24,-23,-21,-19,-17,-15,-12,-10,-8,-6,-4,-3,-1,1,4,7,10,14,18,22,28,34,40,45,49,53,58,62,67,71,74,76,77,78,79,80,81,81,82,81,79,76,72,68,61,55,49,42,33,25,17,9,0,-6,-11,-15,-19,-24,-27,-29,-30,-31,-31,-32,-33,-34,-35,-36,-36,-37,-37,-37,-37,-37,-37,-37,-37,-37,-37,-37,-36,-36,-36,-36,-36,-36,-36,-36,-36,-36,-36,-36,-37,-37,-37,-38,-38,-38,-39,-39,-39,-39,-39,-39,-39,-39,-39,-39,-38,-38,-37,-36,-36,-35,-34,-34,-33,-32,-32,-31,-30,-30,-29,-29,-28,-28,-28,-28,-28,-28,-28,-28,-28,-27,-26,-25,-25,-25,-25,-25,-25,-25,-25,-25,-25,-25,-25,-26,-26,-26,-26,-26,-26,-26,-25,-24,-23,-22,-21,-20,-19,-18,-17,-16,-15,-14,-13,-12,-11,-10,-8,-7,-5,-4,-2,-1,0,0,0,0,0,0,0,-1,-2,-3,-4,-5,-6,-7,-8,-9,-10,-10,-11,-12,-13,-14,-14,-15,-15,-16,-16,-16,-16,-16,-16,-16,-16,-16,-16,-16,-17,-17,-17,-16,-16,-15,-14,-13,-11,-10,-8,-6,-4,-2,16,60,126,214,321,439,551,635,666,631,526,372,203,58,-40,-73,-84,-72,-64,-60,-57,-54,-52,-51,-49,-47,-46,-43,-42,-40,-39,-39,-38,-37,-35,-33,-31,-28,-26,-24,-22,-20,-18,-17,-15,-13,-11,-10,-8,-6,-4,-2,0,0,2,4,7,10,14,18,21,25,29,35,41,47,51,55,59,63,66,70,72,74,75,77,78,79,79,80,80,79,79,77,76,74,71,68,64,57,50,43,36,29,21,14,7,2,-1,-6,-10,-13,-14,-15,-15,-16,-16,-17,-17,-18,-18,-18,-19,-19,-19,-19,-19,-19,-19,-19,-19,-19,-19,-19,-19,-19,-20,-20,-20,-21,-21,-21,-22,-22,-22,-23,-23,-24,-24,-24,-25,-25,-25,-25,-24,-24,-24,-24,-23,-23,-22,-21,-21,-20,-19,-18,-18,-17,-16,-15,-15,-14,-13,-13,-12,-11,-10,-9,-8,-7,-6,-5,-5,-5,-5,-5,-6,-6,-6,-6,-6,-6,-6,-6,-6,-6,-6,-6,-6,-6,-6,-5,-5,-5,-4,-4,-3,-2,-1,0,0,2,3,4,5,6,7,8,10,11,12,13,14,15,16,17,17,17,18,17,17,17,16,16,15,14,14,13,12,11,10,9,9,8,7,6,6,6,5,5,5,5,5,5,6,6,6,6,6,5,5,5,5,5,4,4,4,3,2,1,-1,-5,0,17,56,117,202,308,424,538,625,664,634,533,378,205,54,-47,-84,-87,-66,-45,-40,-37,-35,-34,-32,-31,-30,-29,-27,-25,-24,-23,-22,-21,-21,-19,-18,-16,-14,-13,-11,-9,-7,-5,-3,-2,0,1,3,5,8,10,13,15,17,19,21,23,25,27,29,31,34,38,41,45,49,53,56,60,63,66,68,70,71,73,74,75,76,76,76,76,75,74,72,70,67,64,61,53,46,41,34,26,16,9,4,0,-6,-11,-13,-13,-14,-15,-16,-16,-17,-18,-19,-20,-21,-21,-22,-22,-23,-23,-23,-23,-23,-23,-23,-23,-24,-24,-24,-25,-25,-26,-26,-26,-26,-27,-27,-27,-27,-27,-27,-27,-27,-27,-27,-27,-27,-27,-26,-26,-26,-25,-24,-24,-23,-22,-21,-20,-19,-18,-17,-16,-16,-15,-14,-13,-12,-11,-10,-8,-7,-6,-5,-4,-3,-3,-3,-3,-3,-3,-3,-2,-2,-3,-3,-3,-2,-2,-2,-2,-2,-1,-1,0,0,0,1,2,3,4,5,6,7,8,9,10,11,12,13,14,14,15,16,16,16,16,16,16,16,15,15,15,14,14,13,12,12,11,11,10,9,8,8,7,7,6,6,6,6,6,6,6,6,6,6,5,4,4,3,3,3,2,2,2,1,1,0,-5,-8,-5,3,29,76,147,243,358,483,600,686,715,672,557,392,213,60,-40,-79,-84,-66,-50,-47,-45,-43,-42,-41,-40,-39,-39,-37,-36,-34,-33,-33,-32,-31,-30,-29,-28,-26,-24,-23,-21,-19,-17,-15,-14,-12,-11,-10,-8,-7,-5,-3,-1,1,5,8,11,14,16,19,23,26,30,34,38,43,49,54,59,63,67,71,74,76,77,78,78,79,80,81,81,82,82,80,76,72,67,60,54,49,43,36,28,21,13,5,-1,-7,-14,-20,-23,-24,-25,-25,-26,-27,-28,-29,-30,-30,-31,-32,-32,-33,-33,-33,-33,-33,-33,-33,-33,-33,-33,-33,-33,-33,-33,-33,-33,-33,-33,-33,-33,-33,-33,-33,-33,-33,-33,-33,-33,-33,-33,-33,-33,-33,-32,-32,-32,-32,-32,-31,-31,-30,-30,-29,-28,-28,-27,-26,-25,-25,-24,-23,-23,-22,-22,-21,-21,-20,-19,-19,-16,-13,-11,-10,-10,-10,-10,-10,-10,-11,-11,-11,-12,-12,-12,-12,-12,-12,-12,-11,-11,-10,-10,-9,-8,-8,-7,-6,-5,-5,-4,-3,-1,0,0,1,1,2,3,3,4,4,4,4,4,3,3,2,2,1,0,0,0,0,-1,-1,-2,-3,-3,-4,-5,-5,-6,-6,-6,-7,-7,-7,-6,-6,-6,-6,-7,-7,-8,-8,-9,-9,-10,-10,-11,-11,-12,-15,-18,-18,-14,-5,20,68,140,236,350,472,586,668,696,655,546,390,221,75,-25,-62,-74,-66,-61,-59,-57,-55,-54,-53,-52,-51,-50,-49,-48,-46,-46,-45,-45,-44,-43,-42,-40,-39,-37,-36,-34,-32,-31,-29,-28,-26,-25,-24,-23,-22,-20,-18,-16,-12,-8,-3,0,3,6,9,12,15,18,22,26,31,36,42,46,50,54,57,59,61,63,64,64,65,66,67,68,69,69,69,67,65,61,58,53,45,38,32,25,16,7,0,-4,-8,-12,-17,-20,-21,-22,-23,-24,-24,-25,-25,-26,-26,-26,-27,-27,-27,-27,-27,-27,-26,-26,-26,-25,-25,-25,-25,-24,-24,-24,-24,-24,-24,-24,-25,-25,-25,-26,-27,-27,-28,-29,-29,-30,-31,-31,-31,-32,-32,-32,-32,-32,-32,-32,-32,-32,-32,-32,-31,-31,-30,-29,-29,-28,-27,-26,-25,-25,-24,-23,-23,-22,-22,-21,-21,-20,-19,-17,-15,-13,-13,-12,-11,-11,-11,-11,-11,-11,-11,-11,-11,-10,-10,-10,-10,-9,-9,-9,-8,-7,-7,-6,-5,-4,-3,-2,-2,-1,0,0,0,1,2,3,3,4,4,5,5,5,5,5,5,4,4,3,3,2,2,2,1,1,1,0,0,0,0,0,-1,-1,-1,-1,-1,-1,-1,-1,-1,0,0,0,0,0,0,-1,-2,-2,-2,-3,-3,-4,-5,-5,-6,-10,-12,-9,0,24,72,143,237,347,464,570,639,646,612,496,337,172,35,-49,-76,-74,-55,-43,-39,-39,-38,-37,-37,-36,-36,-35,-33,-32,-31,-30,-29,-27,-26,-24,-22,-21,-19,-17,-15,-13,-11,-9,-7,-5,-4,-2,0,1,3,4,7,9,11,12,14,16,19,22,25,29,32,36,40,44,48,52,56,60,64,68,72,76,78,79,79,79,80,80,81,81,82,82,80,78,75,71,66,59,52,46,38,30,21,15,10,5,0,-5,-8,-9,-10,-11,-12,-13,-14,-15,-16,-17,-18,-18,-19,-19,-20,-20,-20,-20,-20,-20,-21,-21,-21,-21,-21,-21,-21,-21,-21,-21,-21,-21,-21,-22,-22,-22,-22,-23,-23,-23,-23,-23,-23,-23,-23,-23,-23,-23,-23,-23,-23,-23,-23,-23,-22,-22,-22,-21,-21,-20,-19,-19,-18,-17,-16,-15,-14,-13,-12,-12,-11,-10,-10,-9,-9,-8,-8,-7,-7,-7,-7,-6,-6,-6,-6,-6,-6,-5,-5,-5,-4,-4,-3,-3,-2,-1,0,0,1,2,3,4,5,5,6,7,9,10,11,12,13,14,15,15,16,16,16,16,16,16,16,16,16,16,16,15,15,14,14,13,13,12,11,11,10,10,10,10,10,10,10,10,10,10,10,10,10,10,10,10,10,10,10,10,10,9,7,3,0,-5,-5,3,25,69,134,224,334,455,571,661,699,668,565,409,237,85,-19,-54,-66,-54,-46,-43,-40,-38,-36,-35,-33,-32,-30,-28,-26,-25,-24,-23,-23,-21,-20,-18,-17,-15,-13,-11,-9,-7,-5,-3,-1,0,2,4,6,8,10,12,14,15,17,19,20,22,25,27,30,33,36,39,43,46,50,54,58,63,67,69,72,74,76,78,79,80,80,81,81,80,79,78,77,75,72,70,65,56,48,41,35,29,23,17,11,4,-3,-7,-10,-12,-15,-16,-18,-19,-20,-21,-21,-22,-22,-22,-23,-23,-23,-23,-23,-23,-23,-23,-23,-23,-23,-23,-23,-23,-23,-23,-23,-23,-23,-24,-24,-24,-24,-25,-25,-26,-26,-26,-27,-27,-27,-28,-28,-28,-29,-29,-29,-29,-29,-29,-28,-28,-28,-27,-27,-26,-26,-25,-25,-24,-24,-23,-23,-22,-22,-21,-21,-21,-20,-20,-20,-20,-20,-20,-20,-20,-20,-21,-21,-21,-21,-21,-22,-22,-22,-22,-23,-23,-23,-23,-23,-23,-23,-23,-23,-22,-22,-22,-21,-21,-20,-19,-18,-16,-15,-13,-11,-9,-7,-6,-5,-4,-2,-1,0,0,0,0,1,1,1,1,1,1,0,0,0,0,-1,-2,-3,-4,-5,-6,-7,-8,-9,-10,-10,-11,-11,-11,-11,-11,-11,-11,-11,-11,-11,-11,-11,-12,-12,-13,-13,-13,-13,-13,-14,-14,-15,-16,-19,-23,-18,-1,34,92,176,283,404,525,627,673,670,602,466,300,139,14,-56,-73,-69,-60,-57,-55,-53,-52,-51,-50,-49,-48,-47,-45,-44,-43,-43,-42,-42,-41,-39,-38,-36,-34,-32,-30,-28,-27,-25,-24,-22,-21,-19,-17,-15,-13,-10,-7,-4,-1,1,4,6,9,12,15,18,22,27,33,39,45,50,54,57,61,66,70,73,75,77,79,81,82,83,83,83,83,82,81,79,77,74,71,67,59,53,47,39,31,23,16,11,7,1,-3,-6,-9,-10,-12,-13,-15,-16,-17,-18,-18,-19,-19,-20,-20,-20,-21,-21,-21,-21,-21,-21,-21,-22,-22,-22,-23,-23,-24,-24,-25,-26,-26,-27,-28,-29,-29,-30,-31,-32,-33,-33,-34,-35,-35,-36,-36,-37,-37,-37,-37,-37,-37,-37,-36,-36,-36,-35,-34,-34,-33,-32,-32,-31,-31,-30,-29,-29,-28,-28,-27,-27,-26,-26,-25,-25,-24,-24,-23,-23,-23,-23,-22,-22,-22,-22,-22,-22,-22,-22,-22,-22,-22,-22,-22,-21,-21,-20,-19,-18,-17,-16,-15,-14,-14,-13,-12,-11,-10,-9,-8,-7,-6,-5,-4,-3,-3,-2,-2,-1,-1,-1,-2,-2,-2,-2,-3,-3,-4,-4,-5,-6,-6,-7,-7,-8,-8,-9,-9,-9,-9,-9,-10,-9,-9,-9,-9,-9,-8,-8,-7,-7,-7,-7,-7,-8,-8,-8,-8,-8,-8,-9,-9,-9,-10,-11,-14,-9,7,40,93,169,265,376,488,586,633,631,571,439,275,116,-6,-64,-84,-74,-55,-44,-42,-42,-41,-40,-40,-39,-39,-38,-37,-35,-34,-33,-32,-31,-30,-28,-26,-23,-20,-18,-15,-13,-10,-8,-6,-5,-3,-2,0,0,2,4,6,8,10,12,14,16,19,23,26,29,31,34,37,40,45,50,55,60,64,67,70,72,74,74,75,75,76,76,77,78,78,78,78,75,72,68,63,56,49,43,37,31,24,17,11,6,1,-3,-8,-9,-10,-11,-12,-12,-13,-14,-14,-15,-15,-16,-16,-17,-17,-17,-17,-17,-17,-17,-17,-18,-18,-18,-18,-18,-18,-18,-19,-19,-19,-19,-19,-20,-20,-20,-20,-21,-21,-22,-22,-22,-22,-22,-22,-22,-21,-21,-20,-20,-19,-19,-18,-17,-17,-16,-16,-15,-15,-14,-13,-13,-12,-12,-11,-10,-9,-9,-8,-8,-8,-8,-8,-9,-9,-9,-9,-10,-10,-10,-10,-10,-10,-10,-10,-11,-11,-11,-11,-11,-11,-11,-11,-11,-10,-10,-9,-8,-7,-6,-5,-4,-3,-1,0,0,1,2,3,4,5,6,7,7,8,8,8,8,8,8,7,7,6,6,5,5,4,4,3,3,2,1,1,0,0,0,0,-1,-1,-1,-1,0,0,0,0,0,0,0,0,0,0,0,0,-1,-1,-1,-1,-2,-2,-4,-7,-10,-8,-1,16,58,124,217,330,453,569,655,685,644,529,365,189,40,-52,-81,-81,-56,-39,-36,-34,-32,-31,-30,-29,-28,-27,-25,-24,-22,-22,-21,-20,-19,-18,-16,-14,-12,-9,-7,-4,-2,0,2,3,5,7,9,11,14,16,18,20,22,24,26,29,31,33,35,39,42,45,49,53,57,60,64,67,70,73,75,76,78,79,81,81,82,82,82,81,81,79,78,76,74,71,68,61,54,48,41,35,28,21,14,9,3,-2,-7,-8,-9,-10,-11,-11,-12,-13,-13,-14,-15,-16,-16,-17,-18,-18,-18,-18,-18,-19,-19,-19,-19,-19,-19,-20,-20,-20,-20,-21,-21,-21,-21,-21,-21,-21,-21,-21,-21,-21,-21,-21,-21,-21,-21,-21,-21,-21,-21,-20,-20,-20,-20,-20,-19,-19,-19,-18,-18,-18,-17,-17,-16,-16,-15,-15,-15,-15,-14,-14,-14,-14,-14,-14,-14,-14,-12,-11,-10,-9,-8,-8,-8,-8,-8,-8,-8,-8,-9,-9,-9,-9,-9,-9,-9,-9,-8,-8,-8,-7,-7,-6,-5,-4,-4,-3,-2,-1,0,0,1,2,2,3,4,5,6,7,9,10,11,12,12,13,13,13,12,11,10,9,8,7,5,4,3,2,2,1,0,0,0,-1,-2,-2,-3,-4,-4,-4,-5,-5,-4,-4,-4,-4,-4,-5,-5,-6,-6,-6,-6,-5,-5,-5,-4,-4,-3,-2,-1,3,39,97,179,284,404,525,626,675,674,612,480,313,148,17,-60,-80,-78,-58,-49,-48,-48,-48,-48,-47,-47,-47,-47,-46,-45,-44,-43,-42,-41,-39,-37,-35,-34,-32,-30,-28,-26,-25,-23,-22,-20,-19,-18,-16,-15,-14,-12,-10,-8,-5,-2,0,2,4,7,10,13,17,21,25,29,35,41,48,54,59,64,67,70,72,74,75,76,77,78,79,80,80,79,78,75,73,70,66,60,54,48,41,33,26,18,11,1,-5,-10,-14,-18,-22,-25,-26,-27,-27,-28,-29,-30,-30,-31,-31,-32,-32,-33,-33,-33,-33,-33,-33,-33,-33,-33,-33,-33,-33,-33,-33,-33,-33,-33,-33,-33,-33,-33,-34,-34,-34,-34,-34,-35,-35,-35,-35,-35,-35,-34,-34,-34,-34,-34,-33,-33,-32,-32,-31,-31,-30,-29,-29,-28,-27,-27,-26,-26,-25,-25,-24,-24,-24,-24,-23,-23,-23,-23,-23,-23,-21,-19,-18,-17,-16,-16,-16,-16,-16,-16,-16,-16,-16,-16,-16,-15,-15,-15,-15,-15,-15,-14,-14,-13,-13,-12,-12,-11,-10,-9,-9,-8,-7,-6,-5,-5,-4,-3,-2,-1,0,0,1,2,4,5,6,7,8,8,9,9,8,7,7,5,4,3,2,1,0,-1,-2,-2,-3,-4,-5,-6,-7,-8,-8,-9,-10,-10,-11,-11,-11,-11,-12,-12,-12,-13,-13,-14,-14,-15,-15,-15,-16,-17,-17,-18,-20,-21,-24,-30,-24,-7,29,88,169,270,381,492,583,623,619,556,430,275,122,5,-61,-76,-71,-60,-57,-54,-53,-51,-50,-49,-48,-47,-46,-44,-43,-42,-41,-41,-40,-39,-38,-37,-35,-33,-31,-29,-27,-26,-24,-22,-21,-19,-17,-16,-14,-12,-10,-7,-5,-3,-1,0,2,5,8,12,15,19,23,27,30,33,36,39,42,46,49,52,56,59,62,63,63,63,64,64,64,65,65,65,65,64,61,57,53,48,40,32,24,17,11,5,0,-4,-9,-13,-17,-19,-20,-21,-22,-23,-23,-23,-24,-24,-24,-24,-25,-25,-25,-25,-24,-24,-24,-24,-24,-23,-23,-23,-22,-22,-22,-21,-21,-21,-20,-20,-20,-20,-20,-21,-21,-21,-21,-21,-21,-21,-21,-21,-21,-21,-21,-21,-21,-21,-21,-21,-21,-20,-20,-19,-19,-18,-18,-17,-16,-15,-15,-14,-13,-13,-12,-11,-11,-10,-8,-7,-5,-4,-2,-1,-1,0,0,0,0,0,0,0,0,0,0,0,0,0,0,0,0,0,0,0,1,1,2,2,3,4,5,6,7,8,9,10,11,12,13,13,14,15,15,15,16,17,17,18,18,18,17,16,15,13,11,9,7,5,4,2,1,0,0,0,-1,-1,-1,-2,-2,-2,-2,-2,-2,-3,-3,-4,-4,-4,-5,-5,-5,-6,-6,-7,-8,-9,-11,-16,-16,-7,16,62,129,220,327,442,547,613,619,581,461,300,136,4,-75,-93,-91,-65,-48,-45,-44,-42,-41,-40,-39,-38,-37,-35,-34,-32,-31,-30,-29,-28,-27,-25,-23,-21,-19,-17,-15,-14,-12,-10,-8,-7,-5,-4,-2,0,0,2,4,6,8,10,12,14,16,20,23,26,30,33,36,40,43,47,51,56,60,62,64,67,68,70,71,72,73,73,72,71,70,68,66,63,60,56,49,41,34,27,19,12,6,1,-4,-8,-13,-18,-20,-21,-22,-23,-24,-25,-26,-27,-27,-28,-29,-29,-30,-30,-31,-31,-31,-31,-32,-32,-32,-32,-32,-32,-32,-32,-32,-32,-32,-32,-32,-31,-31,-31,-30,-30,-29,-28,-28,-27,-26,-25,-24,-24,-23,-22,-21,-20,-19,-19,-18,-17,-16,-15,-14,-13,-12,-10,-9,-8,-6,-5,-4,-3,-2,-1,0,0,0,0,0,1,1,1,1,1,1,0,0,0,0,0,0,0,0,0,0,0,0,0,0,0,0,0,1,1,2,2,3,4,5,6,7,8,9,10,11,12,13,14,15,16,16,16,17,17,17,17,17,16,16,16,16,15,15,15,14,14,13,12,11,11,10,9,9,8,8,7,7,7,7,7,7,7,6,5,4,3,2,1,0,0,0,0,-1,-2,-2,-4,-7,3,36,87,162,260,375,496,603,668,673,629,503,337,169,34,-48,-71,-69,-50,-39,-37,-37,-36,-36,-35,-35,-35,-34,-33,-32,-31,-30,-30,-29,-28,-26,-25,-24,-22,-21,-19,-17,-14,-12,-10,-8,-6,-4,-3,-1,0,1,3,5,7,9,11,13,15,17,19,21,24,28,33,36,40,44,48,52,56,60,64,66,68,69,71,72,73,73,74,74,73,73,71,69,67,64,61,56,46,37,30,25,20,14,9,4,0,-5,-10,-15,-17,-18,-19,-20,-20,-21,-22,-23,-23,-24,-24,-25,-25,-25,-25,-25,-26,-26,-26,-25,-25,-25,-25,-25,-25,-25,-25,-25,-25,-25,-26,-26,-26,-26,-26,-27,-27,-27,-28,-28,-28,-28,-28,-28,-29,-29,-29,-29,-28,-28,-28,-28,-28,-27,-27,-26,-26,-25,-24,-24,-23,-22,-21,-21,-20,-20,-19,-19,-19,-18,-18,-18,-17,-17,-16,-13,-11,-11,-10,-10,-10,-11,-11,-11,-12,-12,-12,-13,-13,-13,-13,-13,-13,-12,-12,-11,-11,-10,-10,-9,-8,-8,-7,-6,-5,-4,-3,-2,-1,0,0,0,0,1,1,1,1,1,1,0,0,0,0,-1,-1,-2,-2,-2,-3,-3,-4,-4,-5,-5,-5,-6,-6,-6,-6,-6,-6,-6,-5,-5,-5,-5,-5,-6,-6,-6,-7,-7,-8,-8,-9,-9,-10,-12,-16,-16,-10,4,37,89,164,261,372,489,593,656,661,621,503,345,183,49,-36,-61,-70,-60,-54,-52,-51,-49,-48,-47,-46,-45,-43,-41,-40,-38,-37,-37,-36,-34,-33,-31,-30,-27,-25,-22,-19,-17,-15,-14,-12,-11,-10,-8,-7,-6,-5,-3,-2,0,1,4,6,9,12,15,19,23,26,29,33,36,41,46,51,56,60,64,67,70,72,74,75,76,77,79,80,81,81,81,79,76,73,69,64,56,49,42,36,29,22,16,10,3,-3,-10,-12,-13,-15,-16,-17,-18,-18,-19,-20,-20,-21,-21,-22,-22,-22,-22,-22,-22,-22,-22,-22,-22,-21,-21,-21,-21,-21,-21,-21,-21,-21,-21,-21,-21,-22,-22,-22,-23,-23,-23,-24,-24,-25,-25,-25,-26,-26,-26,-27,-27,-28,-28,-28,-28,-28,-28,-28,-28,-27,-27,-27,-26,-26,-25,-25,-24,-24,-23,-23,-22,-22,-21,-21,-20,-20,-20,-19,-19,-19,-19,-19,-19,-19,-19,-19,-20,-20,-20,-20,-20,-20,-20,-20,-20,-20,-20,-19,-19,-18,-18,-17,-17,-16,-15,-15,-14,-14,-13,-12,-12,-11,-10,-9,-8,-8,-7,-6,-6,-6,-6,-6,-6,-6,-6,-7,-7,-7,-8,-8,-8,-9,-9,-10,-10,-11,-12,-12,-13,-13,-14,-14,-14,-14,-14,-14,-14,-14,-13,-13,-13,-13,-13,-13,-13,-13,-13,-13,-13,-13,-12,-12,-14,-17,-20,-23,-22,-12,15,63,134,227,338,454,560,630,637,602,484,326,162,29,-53,-78,-76,-56,-45,-43,-43,-42,-42,-42,-41,-41,-41,-40,-38,-37,-36,-35,-34,-32,-30,-28,-26,-23,-21,-19,-16,-14,-13,-11,-9,-7,-6,-4,-2,-1,0,2,3,5,7,8,10,13,15,19,23,27,31,35,39,43,47,52,56,60,64,68,72,75,76,77,78,78,79,80,81,81,81,81,79,77,73,70,65,58,51,44,38,31,24,18,13,9,5,2,-1,-4,-5,-6,-6,-7,-7,-7,-8,-8,-8,-8,-8,-8,-9,-9,-9,-9,-9,-9,-10,-10,-10,-11,-11,-12,-12,-13,-13,-14,-15,-16,-16,-17,-17,-18,-18,-19,-19,-20,-20,-20,-21,-21,-21,-21,-20,-20,-20,-20,-19,-19,-18,-18,-17,-17,-16,-16,-15,-14,-14,-13,-12,-12,-11,-11,-10,-10,-10,-10,-10,-10,-10,-10,-10,-10,-10,-9,-9,-8,-8,-8,-8,-9,-9,-9,-10,-10,-10,-10,-10,-10,-10,-9,-9,-8,-8,-7,-6,-5,-5,-4,-3,-2,-1,0,0,1,2,2,3,4,5,5,6,7,7,8,8,8,8,8,7,7,6,5,3,2,1,0,-1,-2,-3,-4,-5,-5,-6,-7,-7,-8,-8,-9,-9,-10,-10,-10,-10,-10,-10,-11,-11,-12,-12,-13,-13,-13,-13,-12,-12,-12,-11,-11,-9,-8,-8,-1,34,91,173,274,388,502,596,630,622,544,399,227,66,-47,-99,-106,-91,-60,-47,-44,-42,-41,-40,-39,-39,-38,-37,-36,-35,-34,-33,-32,-31,-30,-28,-27,-25,-24,-22,-21,-19,-18,-16,-15,-13,-12,-11,-9,-8,-7,-5,-3,-1,2,5,9,12,14,17,20,24,27,31,35,40,44,50,55,60,65,67,70,72,74,75,76,77,78,78,77,76,75,73,71,69,66,63,58,52,47,42,36,30,23,15,9,2,-2,-6,-10,-11,-12,-12,-13,-13,-14,-14,-15,-15,-16,-16,-17,-17,-17,-17,-17,-17,-17,-17,-17,-16,-16,-16,-16,-16,-16,-16,-16,-16,-16,-16,-16,-16,-16,-16,-16,-17,-17,-16,-16,-16,-16,-16,-16,-15,-15,-15,-15,-14,-14,-13,-13,-12,-12,-11,-11,-10,-10,-9,-9,-9,-8,-8,-8,-8,-8,-8,-9,-9,-9,-9,-9,-9,-10,-10,-10,-10,-11,-12,-13,-13,-14,-14,-14,-15,-15,-16,-16,-16,-16,-16,-17,-17,-17,-16,-16,-16,-15,-14,-14,-13,-12,-11,-10,-9,-8,-6,-5,-4,-3,-2,-1,0,0,1,2,2,3,3,3,2,2,2,2,1,1,0,0,0,-1,-2,-4,-5,-6,-7,-7,-8,-8,-9,-9,-9,-9,-9,-9,-9,-9,-9,-9,-9,-10,-11,-11,-11,-11,-12,-12,-12,-13,-14,-15,-17,-21,-20,-9,20,73,153,257,379,504,613,669,669,610,470,294,122,-10,-84,-95,-92,-62,-47,-44,-43,-42,-41,-40,-39,-39,-38,-36,-35,-34,-33,-32,-32,-31,-29,-28,-27,-25,-23,-21,-19,-17,-15,-13,-11,-9,-7,-5,-3,0,1,3,6,8,10,12,14,15,18,20,22,25,28,32,35,39,43,47,51,55,58,61,63,65,66,68,69,70,70,71,70,70,69,68,66,64,61,59,55,48,41,34,28,22,15,8,3,-1,-5,-8,-11,-14,-15,-15,-16,-17,-18,-18,-19,-20,-20,-21,-21,-22,-22,-22,-22,-22,-22,-22,-23,-23,-23,-23,-23,-23,-23,-23,-23,-23,-23,-23,-23,-22,-22,-22,-23,-23,-23,-23,-23,-23,-23,-22,-22,-22,-21,-21,-20,-20,-19,-19,-18,-18,-17,-16,-16,-15,-14,-14,-13,-12,-12,-11,-11,-10,-10,-10,-10,-9,-9,-8,-7,-6,-6,-6,-7,-7,-7,-8,-8,-9,-9,-9,-9,-9,-9,-9,-9,-9,-8,-8,-8,-7,-6,-6,-5,-4,-4,-3,-2,-1,0,0,1,2,4,4,5,6,7,8,9,9,10,10,10,10,10,9,8,7,6,5,4,3,2,1,0,0,-1,-2,-2,-3,-3,-3,-4,-4,-4,-4,-4,-4,-4,-4,-4,-5,-5,-5,-6,-6,-6,-7,-7,-8,-9,-10,-11,-14,-20,-14,4,45,110,199,310,433,550,641,677,643,534,372,193,38,-63,-99,-101,-79,-56,-51,-48,-45,-44,-42,-41,-39,-38,-36,-35,-34,-33,-32,-31,-30,-29,-27,-25,-24,-22,-20,-18,-16,-14,-13,-11,-9,-6,-4,-2,-1,0,2,4,5,7,9,12,14,16,18,21,23,25,28,31,34,38,41,45,49,52,56,60,62,63,64,64,65,65,66,66,66,66,66,64,62,59,55,50,43,36,29,22,15,9,3,0,-4,-7,-10,-12,-15,-16,-17,-18,-18,-19,-19,-20,-20,-20,-21,-21,-21,-21,-21,-21,-21,-21,-21,-21,-21,-21,-21,-21,-21,-21,-21,-21,-22,-22,-22,-23,-23,-23,-24,-24,-24,-25,-25,-25,-25,-25,-25,-26,-26,-25,-25,-25,-25,-25,-24,-24,-23,-22,-22,-21,-20,-19,-18,-17,-16,-16,-15,-14,-13,-13,-12,-11,-10,-8,-6,-4,-3,-1,0,0,0,0,0,0,0,0,0,0,0,0,1,1,1,1,2,2,2,2,3,3,4,4,5,5,6,7,8,9,9,10,11,12,13,14,14,14,15,15,15,14,14,14,13,13,13,12,12,12,11,11,10,9,9,8,8,7,7,7,6,6,7,7,7,8,8,8,9,9,8,8,7,7,7,6,6,5,5,5,4,3,0,-1,1,12,42,97,175,278,397,522,633,699,703,659,533,365,192,49,-40,-70,-71,-55,-45,-43,-43,-42,-42,-42,-42,-41,-41,-40,-39,-38,-37,-36,-35,-34,-32,-30,-29,-28,-26,-25,-23,-21,-20,-18,-17,-15,-14,-13,-11,-10,-8,-7,-5,-3,-1,0,3,5,8,11,14,17,20,24,27,31,34,38,42,46,49,53,56,59,60,62,64,65,66,66,67,67,67,66,64,63,60,58,55,49,39,30,23,16,9,3,-2,-8,-13,-18,-23,-25,-26,-27,-28,-29,-30,-31,-32,-33,-33,-34,-35,-35,-35,-36,-36,-36,-36,-36,-36,-35,-35,-35,-35,-34,-34,-34,-33,-33,-33,-33,-33,-32,-32,-32,-32,-32,-31,-31,-31,-31,-31,-30,-30,-30,-30
